                         Chocolate Doom 3.1.0
Z_Init: Init zone memory allocation daemon. 
zone memory: 0x7863ebb45010, 2000000 allocated for zone
Using /home/vboxuser/.local/share/chocolate-doom/ for configuration and saves
V_Init: allocate screens.
M_LoadDefaults: Load system defaults.
saving config in /home/vboxuser/.local/share/chocolate-doom/default.cfg
W_Init: Init WADfiles.
 adding /home/vboxuser/trajectory_doom/misc/OriginalWADs/DOOM.WAD
BFG Edition: Using workarounds as needed.
===========================================================================
                           The Ultimate DOOM
===========================================================================
 Chocolate Doom is free software, covered by the GNU General Public
 License.  There is NO warranty; not even for MERCHANTABILITY or FITNESS
 FOR A PARTICULAR PURPOSE. You are welcome to change and distribute
 copies under certain conditions. See the source for more information.
===========================================================================
I_Init: Setting up machine state.
OPL_Init: Using driver 'SDL'.
NET_Init: Init network subsystem.
M_Init: Init miscellaneous info.
R_Init: Init DOOM refresh daemon - ..........................
P_Init: Init Playloop state.
S_Init: Setting up sound.
I_SDL_PrecacheSounds: Precaching all sound effects.....................
D_CheckNetGame: Checking network game status.
startskill 2  deathmatch: 0  startmap: 1  startepisode: 1
player 1 of 1 (1 nodes)
Emulating the behavior of the 'Ultimate Doom' executable.
HU_Init: Setting up heads up display.
ST_Init: Init status bar.
When: 2026-05-21 01:48:42 Episode: 1 Map: 1
timestamp	 tic	 x	 y	 z	 angle	 momx	 momy	 shield	 health	 ammo	 sector_id
2026-05-21 01:48:44	 77	 1056	-3616	0	 137.46	 -1	0 	  0	100	 50	(4,-14)
2026-05-21 01:48:45	 112	 743	-3341	0	 151.52	 -12	11 	  0	100	 50	(2,-13)
2026-05-21 01:48:46	 147	 236	-3232	56	 172.62	 -16	2 	  0	100	 50	(0,-12)
2026-05-21 01:48:47	 182	 -295	-3231	123	 235.90	 -10	-3 	100	100	 50	(-1,-12)
2026-05-21 01:48:48	 217	 -275	-3243	104	 44.65	 6	5 	100	100	 50	(-1,-12)
2026-05-21 01:48:49	 252	 62	-3195	104	 348.40	 14	-4 	100	100	 50	(0,-12)
2026-05-21 01:48:51	 287	 494	-3288	-8	 306.21	 14	-6 	100	100	 50	(1,-13)
2026-05-21 01:48:52	 322	 567	-3242	-8	 23.55	 9	5 	100	100	 50	(2,-12)
2026-05-21 01:48:53	 357	 799	-3426	0	 299.18	 8	-13 	100	100	 50	(3,-13)
2026-05-21 01:48:54	 392	 1036	-3632	0	 316.76	 2	0 	100	100	 50	(4,-14)
2026-05-21 01:48:55	 427	 1060	-3664	0	 272.81	 0	0 	100	100	 50	(4,-14)
2026-05-21 01:48:56	 470	 1068	-3586	0	 344.88	 3	-2 	100	100	 50	(4,-14)
2026-05-21 01:48:57	 505	 1235	-3558	0	 81.56	 1	1 	100	100	 50	(4,-14)
2026-05-21 01:48:58	 540	 1260	-3454	0	 97.38	 0	1 	100	100	 50	(5,-13)
2026-05-21 01:48:59	 575	 1239	-3309	-16	 21.80	 -1	1 	100	100	 50	(4,-13)
2026-05-21 01:49:01	 610	 1327	-3292	-16	 348.40	 0	-1 	100	100	 50	(5,-13)
2026-05-21 01:49:02	 647	 1300	-3296	-16	 348.40	 -9	1 	100	100	 50	(5,-13)
2026-05-21 01:49:03	 682	 813	-3196	0	 348.40	 -15	2 	100	100	 50	(3,-12)
2026-05-21 01:49:04	 717	 691	-3344	0	 292.15	 0	-1 	100	100	 50	(2,-13)
2026-05-21 01:49:05	 752	 879	-3382	0	 304.45	 0	-4 	100	100	 50	(3,-13)
2026-05-21 01:49:06	 787	 1167	-3401	0	 42.89	 1	1 	100	100	 50	(4,-13)
2026-05-21 01:49:07	 822	 1285	-3272	-16	 292.15	 8	-9 	100	100	 50	(5,-13)
2026-05-21 01:49:08	 857	 1326	-3341	0	 102.66	 -1	8 	100	100	 50	(5,-13)
2026-05-21 01:49:09	 892	 1327	-3291	-16	 353.67	 1	5 	100	100	 50	(5,-13)
2026-05-21 01:49:10	 927	 1272	-3505	0	 172.62	 -10	-7 	100	101	 50	(5,-14)
2026-05-21 01:49:11	 962	 1042	-3491	0	 30.23	 -5	-4 	100	101	 50	(4,-13)
2026-05-21 01:49:12	 997	 1236	-3466	0	 28.48	 14	5 	100	101	 50	(4,-13)
2026-05-21 01:49:14	 1032	 1327	-3297	-16	 82.97	 0	11 	100	101	 50	(5,-13)
2026-05-21 01:49:15	 1067	 1241	-3085	0	 75.94	 -1	15 	100	101	 50	(4,-12)
2026-05-21 01:49:16	 1102	 1372	-2538	0	 12.66	 9	11 	100	101	 50	(5,-10)
2026-05-21 01:49:18	 1188	 1535	-2449	0	 3.87	 0	0 	100	101	 47	(6,-9)
2026-05-21 01:49:19	 1223	 1551	-2449	0	 5.62	 0	0 	100	101	 44	(6,-9)
2026-05-21 01:49:23	 1327	 1705	-2466	0	 353.32	 13	-2 	100	101	 39	(6,-9)
2026-05-21 01:49:24	 1362	 2248	-2485	24	 51.33	 12	3 	100	101	 42	(8,-9)
2026-05-21 01:49:25	 1405	 2262	-2321	24	 179.65	 -4	0 	101	101	 42	(9,-9)
2026-05-21 01:49:26	 1440	 2099	-2390	0	 292.15	 -1	-5 	102	101	 42	(8,-9)
2026-05-21 01:49:27	 1475	 2173	-2540	16	 351.91	 6	-2 	102	101	 42	(8,-10)
2026-05-21 01:49:28	 1510	 2287	-2462	24	 107.93	 -1	5 	104	101	 42	(9,-9)
2026-05-21 01:49:29	 1545	 2026	-2329	0	 139.57	 -14	3 	104	101	 42	(8,-9)
2026-05-21 01:49:31	 1580	 2019	-2232	0	 5.98	 13	1 	104	101	 42	(8,-8)
2026-05-21 01:49:32	 1615	 2479	-2307	0	 258.75	 -1	-10 	104	101	 42	(9,-9)
2026-05-21 01:49:33	 1650	 2569	-2697	-8	 5.98	 9	-5 	104	101	 42	(10,-10)
2026-05-21 01:49:34	 1685	 2822	-2733	-16	 320.27	 0	0 	104	102	 41	(11,-10)
2026-05-21 01:49:35	 1720	 2798	-2704	-16	 320.27	 -1	0 	104	102	 39	(11,-10)
2026-05-21 01:49:36	 1755	 2958	-2837	-24	 278.09	 1	-2 	104	102	 44	(11,-11)
2026-05-21 01:49:38	 1833	 2971	-2843	-24	 271.05	 -1	2 	104	102	 38	(11,-11)
2026-05-21 01:49:39	 1868	 2970	-2791	-24	 271.05	 -1	0 	104	102	 36	(11,-11)
2026-05-21 01:49:41	 1914	 3029	-2985	-24	 274.57	 2	-8 	104	102	 35	(12,-11)
2026-05-21 01:49:42	 1949	 2981	-3153	-24	 262.27	 -2	-3 	104	102	 35	(11,-12)
2026-05-21 01:49:43	 1984	 3040	-3281	-24	 322.03	 5	-6 	104	102	 35	(12,-13)
2026-05-21 01:49:44	 2019	 3102	-3341	-24	 329.06	 0	-1 	104	102	 33	(12,-13)
2026-05-21 01:49:48	 2145	 3151	-3372	-24	 278.09	 0	-1 	104	102	 26	(12,-13)
2026-05-21 01:49:49	 2180	 3089	-3483	-24	 235.90	 -5	-7 	104	102	 26	(12,-13)
2026-05-21 01:49:50	 2215	 3002	-3743	-24	 269.30	 -1	-9 	104	102	 31	(12,-14)
2026-05-21 01:49:51	 2250	 3010	-4000	-24	 276.33	 0	0 	104	102	 31	(12,-16)
2026-05-21 01:49:52	 2285	 3015	-4013	-24	 269.30	 0	-6 	104	102	 31	(12,-16)
2026-05-21 01:49:53	 2320	 3019	-4080	-24	 267.54	 0	1 	104	102	 29	(12,-16)
2026-05-21 01:49:55	 2355	 3021	-3876	-24	 272.81	 -1	3 	104	102	 26	(12,-15)
2026-05-21 01:49:56	 2390	 3020	-3835	-24	 272.81	 -1	0 	104	102	 25	(12,-15)
2026-05-21 01:49:57	 2446	 3021	-3819	-24	 272.81	 0	1 	 95	 84	 25	(12,-15)
2026-05-21 01:49:58	 2481	 3022	-3799	-24	 272.81	 0	0 	 95	 84	 25	(12,-15)
2026-05-21 01:50:01	 2548	 3030	-3966	-24	 271.05	 0	-3 	 95	 84	 25	(12,-15)
2026-05-21 01:50:02	 2583	 3031	-3997	-24	 271.05	 0	-4 	 95	 84	 23	(12,-15)
2026-05-21 01:50:03	 2618	 3035	-4237	-24	 271.05	 0	-9 	 95	 84	 23	(12,-16)
2026-05-21 01:50:04	 2653	 3095	-4410	-24	 344.88	 5	-4 	 95	 84	 23	(12,-17)
2026-05-21 01:50:05	 2688	 3301	-4387	-24	 93.87	 1	7 	 95	 85	 23	(13,-17)
2026-05-21 01:50:06	 2723	 3276	-4386	-24	 123.75	 -6	14 	 95	 85	 22	(13,-17)
2026-05-21 01:50:07	 2758	 3311	-4217	-24	 11.25	 1	1 	 95	 85	 22	(13,-16)
2026-05-21 01:50:08	 2793	 3179	-4177	-24	 236.25	 -7	-8 	 95	 86	 32	(12,-16)
2026-05-21 01:50:09	 2828	 3194	-4381	-24	 229.22	 -2	-9 	 95	 86	 32	(12,-17)
2026-05-21 01:50:10	 2863	 2958	-4496	-24	 157.15	 -3	3 	 95	 86	 32	(11,-17)
2026-05-21 01:50:11	 2898	 2706	-4227	-24	 78.05	 -3	13 	 95	101	 32	(10,-16)
2026-05-21 01:50:12	 2933	 2847	-4208	-24	 225.35	 -2	-12 	 95	102	 42	(11,-16)
2026-05-21 01:50:14	 2968	 2704	-4320	-24	 278.09	 0	-14 	 95	102	 42	(10,-17)
2026-05-21 01:50:15	 3003	 2758	-4528	-24	 251.72	 -2	-2 	 96	102	 42	(11,-18)
2026-05-21 01:50:16	 3038	 2891	-4512	-24	 299.18	 10	-2 	 96	102	 42	(11,-18)
2026-05-21 01:50:17	 3073	 2888	-4481	-24	 353.67	 2	0 	 96	102	 42	(11,-17)
2026-05-21 01:50:18	 3108	 3055	-4580	-24	 249.96	 0	-2 	 96	102	 42	(12,-18)
2026-05-21 01:50:19	 3143	 2992	-4616	-24	 251.72	 -1	-1 	 96	102	 42	(11,-18)
2026-05-21 01:50:20	 3178	 3004	-4718	-24	 307.97	 2	-7 	 96	102	 42	(12,-18)
2026-05-21 01:50:21	 3213	 3072	-4848	-24	 220.08	 -3	-1 	 97	102	 42	(12,-19)
2026-05-21 01:50:22	 3248	 2928	-4803	-24	 97.03	 -1	3 	 98	102	 42	(11,-19)
2026-05-21 01:50:23	 3283	 2928	-4750	-24	 169.10	 -1	0 	 98	102	 42	(11,-19)
2026-05-21 01:50:32	 3508	 -33	-121	24	 88.24	 0	7 	 98	102	 42	(0,0)
2026-05-21 01:50:34	 3543	 -14	162	48	 88.24	 0	8 	 98	102	 42	(0,0)
2026-05-21 01:50:35	 3578	 -85	303	48	 172.62	 -5	0 	 98	102	 42	(0,1)
2026-05-21 01:50:36	 3613	 -230	301	56	 93.52	 -1	0 	 98	102	 42	(0,1)
2026-05-21 01:50:37	 3648	 -194	431	64	 39.02	 0	0 	 98	102	 42	(0,1)
2026-05-21 01:50:39	 3722	 -178	431	64	 225.00	 2	0 	 98	102	 42	(0,1)
2026-05-21 01:50:42	 3814	 -159	527	200	 75.59	 -1	0 	 98	102	 42	(0,2)
2026-05-21 01:50:43	 3860	 -178	525	200	 273.87	 -1	-3 	 98	102	 16	(0,2)
2026-05-21 01:50:44	 3895	 -255	336	64	 270.35	 -3	0 	 98	102	 16	(-1,1)
2026-05-21 01:50:46	 3939	 -222	300	64	 328.36	 5	-4 	 98	102	 16	(0,1)
2026-05-21 01:50:47	 3974	 -106	283	54	 15.82	 6	1 	 98	102	 16	(0,1)
2026-05-21 01:50:48	 4009	 -28	308	48	 80.86	 0	3 	 98	102	 16	(0,1)
2026-05-21 01:50:49	 4044	 9	511	48	 36.91	 1	3 	 98	102	 16	(0,2)
2026-05-21 01:50:50	 4079	 85	632	24	 0.00	 3	1 	 98	102	 16	(0,2)
2026-05-21 01:50:51	 4114	 156	639	24	 356.48	 3	-1 	 98	102	 15	(0,2)
2026-05-21 01:50:52	 4149	 395	626	24	 1.76	 8	0 	 98	102	 14	(1,2)
2026-05-21 01:50:53	 4184	 623	539	24	 258.05	 -1	-6 	 98	102	 14	(2,2)
2026-05-21 01:50:54	 4219	 498	324	24	 217.62	 -7	-6 	 98	102	 13	(1,1)
2026-05-21 01:50:56	 4254	 317	148	24	 193.01	 -5	-4 	 98	102	 13	(1,0)
2026-05-21 01:50:57	 4289	 68	80	48	 182.46	 -9	-2 	 98	102	 13	(0,0)
2026-05-21 01:50:58	 4324	 -233	74	24	 159.61	 -9	1 	 98	102	 13	(0,0)
2026-05-21 01:50:59	 4359	 -413	257	24	 87.54	 -2	7 	 98	102	 13	(-1,1)
2026-05-21 01:51:00	 4394	 -371	534	24	 69.96	 2	7 	 98	102	 12	(-1,2)
2026-05-21 01:51:01	 4429	 -213	674	24	 349.10	 7	1 	 95	 96	 12	(0,2)
2026-05-21 01:51:02	 4464	 53	608	24	 335.04	 7	-5 	 95	 96	 11	(0,2)
2026-05-21 01:51:03	 4499	 268	647	24	 98.09	 2	1 	 95	 96	 11	(1,2)
2026-05-21 01:51:04	 4534	 144	736	24	 189.49	 -8	-1 	 95	 96	 11	(0,2)
2026-05-21 01:51:05	 4569	 -135	694	24	 189.49	 -9	-2 	 95	 96	 10	(0,2)
2026-05-21 01:51:06	 4604	 -417	702	24	 221.13	 -7	-2 	 95	 96	 10	(-1,2)
2026-05-21 01:51:07	 4639	 -480	687	24	 19.34	 5	0 	 95	 96	 10	(-1,2)
2026-05-21 01:51:09	 4674	 -271	716	24	 356.48	 7	-1 	 95	 96	 10	(-1,2)
2026-05-21 01:51:10	 4709	 10	696	24	 330.12	 7	-2 	 95	 96	  9	(0,2)
2026-05-21 01:51:11	 4744	 93	678	24	 171.91	 0	-1 	 95	 96	  8	(0,2)
2026-05-21 01:51:12	 4779	 -89	681	24	 191.25	 -8	-2 	 95	 96	  8	(0,2)
2026-05-21 01:51:13	 4814	 -360	604	24	 249.26	 -6	-6 	 95	 96	  8	(-1,2)
2026-05-21 01:51:14	 4849	 -400	383	24	 265.08	 -4	-1 	 73	 52	  7	(-1,1)
2026-05-21 01:51:15	 4884	 -423	483	24	 265.08	 -1	-4 	 73	 52	  7	(-1,1)
2026-05-21 01:51:16	 4919	 -427	238	24	 293.20	 1	-8 	 73	 52	  7	(-1,0)
2026-05-21 01:51:17	 4954	 -236	78	24	 3.52	 7	-1 	 73	 52	  7	(0,0)
2026-05-21 01:51:18	 4989	 6	124	48	 80.86	 3	4 	 73	 52	  0	(0,0)
2026-05-21 01:51:19	 5024	 41	315	48	 96.68	 -1	6 	 73	 52	  0	(0,1)
2026-05-21 01:51:20	 5059	 9	588	39	 84.38	 -1	8 	 73	 52	 77	(0,2)
2026-05-21 01:51:21	 5094	 111	745	24	 345.94	 0	-1 	 73	 52	 77	(0,2)
2026-05-21 01:51:22	 5129	 295	694	24	 345.94	 7	-2 	 73	 52	 77	(1,2)
2026-05-21 01:51:23	 5164	 533	566	24	 277.38	 3	-8 	 73	 52	  7	(2,2)
2026-05-21 01:51:24	 5199	 579	409	24	 7.03	 0	-1 	 73	 52	  7	(2,1)
2026-05-21 01:51:25	 5234	 623	508	24	 84.38	 0	6 	 73	 52	  7	(2,2)
2026-05-21 01:51:26	 5269	 697	695	24	 10.55	 6	1 	 73	 52	  7	(2,2)
2026-05-21 01:51:27	 5304	 799	713	24	 0.00	 0	0 	 73	 52	  7	(3,2)
2026-05-21 01:51:28	 5339	 872	714	24	 8.79	 2	0 	 73	 52	  6	(3,2)
2026-05-21 01:51:29	 5374	 1078	799	72	 29.88	 7	4 	 73	 52	  6	(4,3)
2026-05-21 01:51:30	 5409	 1294	890	120	 342.42	 5	-1 	 73	 52	  6	(5,3)
2026-05-21 01:51:31	 5444	 1416	854	136	 273.87	 0	-1 	 73	 52	  6	(5,3)
2026-05-21 01:51:32	 5479	 1508	858	136	 273.87	 6	0 	 73	 52	  6	(6,3)
2026-05-21 01:51:33	 5516	 1526	913	136	 236.95	 -4	-5 	 73	 62	  6	(6,3)
2026-05-21 01:51:34	 5551	 1443	668	184	 291.45	 0	-8 	 73	 62	  6	(5,2)
2026-05-21 01:51:35	 5586	 1482	499	232	 310.78	 0	-1 	 73	 62	  6	(5,1)
2026-05-21 01:51:36	 5628	 1469	500	232	 328.36	 -4	2 	 73	 62	  5	(5,2)
2026-05-21 01:51:37	 5663	 1477	503	232	 272.11	 2	-6 	 73	 62	  5	(5,2)
2026-05-21 01:51:38	 5698	 1467	351	248	 149.06	 -1	-1 	 72	 60	  5	(5,1)
2026-05-21 01:51:39	 5733	 1411	373	248	 159.61	 -6	2 	 72	 60	  4	(5,1)
2026-05-21 01:51:40	 5768	 1151	386	248	 235.20	 -7	-4 	 73	 60	  4	(4,1)
2026-05-21 01:51:41	 5803	 1148	304	248	 333.63	 4	-1 	 73	 60	  4	(4,1)
2026-05-21 01:51:42	 5838	 1513	389	248	 354.73	 15	4 	 73	 60	  4	(6,1)
2026-05-21 01:51:43	 5873	 1775	304	248	 265.08	 0	-5 	 74	 71	  4	(7,1)
2026-05-21 01:51:44	 5908	 1681	278	248	 177.19	 -7	1 	 74	 71	  4	(6,1)
2026-05-21 01:51:45	 5943	 1440	208	232	 252.77	 -2	-7 	 74	 71	  4	(5,0)
2026-05-21 01:51:46	 5978	 1460	-66	168	 291.45	 2	-12 	 74	 71	  4	(5,0)
2026-05-21 01:51:47	 6013	 1480	-240	136	 208.83	 -4	-1 	 74	 71	  4	(5,0)
2026-05-21 01:51:48	 6048	 1256	-213	120	 147.30	 -8	2 	 74	 71	  4	(5,0)
2026-05-21 01:51:49	 6083	 986	-72	51	 147.30	 -9	4 	 74	 71	  4	(3,0)
2026-05-21 01:51:50	 6118	 864	34	24	 156.09	 -1	2 	 74	 71	  4	(3,0)
2026-05-21 01:51:51	 6153	 799	28	24	 194.77	 -6	-2 	 74	 71	  4	(3,0)
2026-05-21 01:51:52	 6188	 417	-59	24	 164.88	 -16	-1 	 74	 71	  4	(1,0)
2026-05-21 01:51:53	 6223	 -139	47	27	 161.37	 -17	4 	 74	 71	  4	(0,0)
2026-05-21 01:51:54	 6258	 -625	342	24	 154.34	 -10	8 	 74	 71	  4	(-2,1)
2026-05-21 01:51:55	 6293	 -709	389	24	 184.22	 -3	-1 	 74	 71	  4	(-2,1)
2026-05-21 01:51:56	 6328	 -923	399	24	 177.19	 -4	0 	 74	 71	  3	(-3,1)
2026-05-21 01:51:57	 6363	 -962	406	24	 105.12	 -2	2 	 74	 71	  3	(-3,1)
2026-05-21 01:51:58	 6398	 -991	592	24	 85.78	 -1	2 	 74	 71	  2	(-3,2)
2026-05-21 01:51:59	 6433	 -984	735	24	 85.78	 0	3 	 72	 67	  2	(-3,2)
2026-05-21 01:52:00	 6468	 -977	828	24	 76.99	 0	6 	 72	 67	  1	(-3,3)
2026-05-21 01:52:01	 6503	 -977	856	24	 22.50	 0	0 	 72	 67	  1	(-3,3)
2026-05-21 01:52:02	 6538	 -880	900	24	 13.71	 1	0 	 72	 67	  1	(-3,3)
2026-05-21 01:52:03	 6573	 -892	903	24	 3.16	 -5	-1 	 72	 67	  0	(-3,3)
2026-05-21 01:52:04	 6608	 -978	902	24	 22.50	 0	0 	 72	 67	127	(-3,3)
2026-05-21 01:52:05	 6643	 -909	931	24	 22.50	 10	4 	 72	 67	127	(-3,3)
2026-05-21 01:52:06	 6678	 -545	1039	16	 52.38	 2	0 	 72	 67	127	(-2,4)
2026-05-21 01:52:07	 6713	 -555	1114	16	 140.27	 -3	3 	 72	 67	177	(-2,4)
2026-05-21 01:52:08	 6748	 -640	1154	16	 207.07	 -2	-1 	 72	 77	177	(-2,4)
2026-05-21 01:52:09	 6783	 -692	1120	16	 219.38	 0	0 	 72	 77	176	(-2,4)
2026-05-21 01:52:10	 6818	 -700	1116	16	 214.10	 -7	-5 	 72	 77	174	(-2,4)
2026-05-21 01:52:11	 6853	 -1043	847	24	 286.17	 -2	-10 	 71	 73	179	(-4,3)
2026-05-21 01:52:12	 6888	 -981	575	24	 238.71	 -2	-7 	 71	 73	179	(-3,2)
2026-05-21 01:52:13	 6923	 -1183	447	24	 182.46	 -9	-1 	 71	 73	179	(-4,1)
2026-05-21 01:52:14	 6958	 -1471	429	24	 182.46	 -9	-1 	 71	 73	184	(-5,1)
2026-05-21 01:52:15	 6993	 -1745	486	88	 108.63	 -6	5 	 71	 73	184	(-6,1)
2026-05-21 01:52:16	 7028	 -1802	542	104	 47.11	 -1	0 	 71	 73	182	(-7,2)
2026-05-21 01:52:19	 7128	 -1809	663	152	 92.81	 -1	7 	 71	 73	181	(-7,2)
2026-05-21 01:52:20	 7163	 -1788	904	232	 124.45	 0	2 	 71	 73	181	(-7,3)
2026-05-21 01:52:21	 7198	 -1783	929	232	 87.54	 0	0 	 71	 73	181	(-7,3)
2026-05-21 01:52:23	 7272	 -1786	955	248	 354.38	 0	0 	 71	 73	181	(-7,3)
2026-05-21 01:52:24	 7307	 -1775	1053	248	 345.59	 0	3 	 71	 73	181	(-7,4)
2026-05-21 01:52:25	 7342	 -1632	1016	248	 350.86	 7	-2 	 71	 73	181	(-6,4)
2026-05-21 01:52:26	 7377	 -1351	977	248	 34.80	 7	1 	 71	 74	181	(-5,3)
2026-05-21 01:52:27	 7412	 -1256	1170	248	 157.85	 -5	5 	 71	 74	181	(-5,4)
2026-05-21 01:52:28	 7447	 -1485	1215	248	 159.61	 -4	-1 	 71	 75	181	(-5,4)
2026-05-21 01:52:29	 7482	 -1563	1369	248	 76.99	 0	7 	 71	 76	181	(-6,5)
2026-05-21 01:52:30	 7517	 -1489	1592	234	 120.94	 0	1 	 71	100	181	(-5,6)
2026-05-21 01:52:31	 7552	 -1491	1584	76	 215.86	 -2	-1 	 71	100	181	(-5,6)
2026-05-21 01:52:32	 7587	 -1544	1584	0	 105.12	 -1	0 	 71	100	 20	(-6,6)
2026-05-21 01:52:33	 7622	 -1508	1721	0	 80.51	 1	7 	 71	100	 19	(-6,6)
2026-05-21 01:52:34	 7657	 -1401	1884	0	 84.02	 4	7 	 68	 94	 19	(-5,7)
2026-05-21 01:52:35	 7692	 -1497	2076	0	 224.65	 -10	-3 	 68	 94	 19	(-5,8)
2026-05-21 01:52:36	 7727	 -1621	2014	0	 331.88	 -1	-1 	 68	 94	 23	(-6,8)
2026-05-21 01:52:38	 7808	 -1627	1950	0	 240.47	 -2	-7 	 68	 94	 21	(-6,7)
2026-05-21 01:52:39	 7843	 -1647	1763	0	 340.66	 3	-2 	 68	100	 21	(-6,7)
2026-05-21 01:52:40	 7878	 -1454	1835	0	 77.34	 3	6 	 68	100	 21	(-5,7)
2026-05-21 01:52:41	 7913	 -1496	2084	0	 123.05	 -5	6 	 68	100	 21	(-5,8)
2026-05-21 01:52:42	 7948	 -1621	2084	0	 189.84	 -6	-2 	 68	100	 21	(-6,8)
2026-05-21 01:52:43	 7983	 -1734	2153	0	 77.34	 -1	5 	 68	100	 21	(-6,8)
2026-05-21 01:52:44	 8018	 -1624	2287	0	 3.52	 5	0 	 68	100	 21	(-6,9)
2026-05-21 01:52:45	 8053	 -1367	2256	0	 354.73	 6	-1 	 68	100	 21	(-5,9)
2026-05-21 01:52:46	 8095	 -1383	2287	0	 280.90	 -1	0 	 68	100	 21	(-5,9)
2026-05-21 01:52:48	 8130	 -1343	2201	0	 245.74	 -1	-7 	 68	100	 21	(-5,8)
2026-05-21 01:52:48	 8165	 -1396	2085	0	 231.68	 1	1 	 68	100	 21	(-5,8)
2026-05-21 01:52:49	 8200	 -1334	2179	0	 131.48	 -3	2 	 68	100	 21	(-5,8)
2026-05-21 01:52:51	 8246	 -1345	2287	0	 6.68	 4	0 	 68	100	 21	(-5,9)
2026-05-21 01:52:52	 8281	 -1106	2257	-41	 345.59	 8	-2 	 68	100	 21	(-4,9)
2026-05-21 01:52:53	 8316	 -785	2225	-128	 31.29	 0	1 	 68	100	 21	(-3,8)
2026-05-21 01:52:54	 8351	 -673	2331	-144	 13.71	 0	0 	 68	100	 21	(-2,9)
2026-05-21 01:52:55	 8386	 -635	2346	-144	 11.95	 -1	-1 	 68	100	 21	(-2,9)
2026-05-21 01:52:56	 8421	 -769	2310	-128	 354.38	 0	-1 	 68	100	 20	(-3,9)
2026-05-21 01:52:57	 8456	 -729	2295	-144	 356.13	 0	-1 	 68	100	 20	(-2,9)
2026-05-21 01:52:58	 8491	 -724	2334	-144	 352.62	 0	0 	 68	100	 20	(-2,9)
2026-05-21 01:53:00	 8570	 -673	2331	-144	 356.13	 0	-1 	 68	100	 19	(-2,9)
2026-05-21 01:53:02	 8630	 -581	2326	-144	 68.20	 0	-1 	 68	100	 19	(-2,9)
2026-05-21 01:53:03	 8665	 -524	2467	-144	 10.20	 2	2 	 68	100	 19	(-2,9)
2026-05-21 01:53:04	 8700	 -490	2414	-144	 247.15	 -1	-7 	 68	100	 19	(-1,9)
2026-05-21 01:53:05	 8735	 -545	2221	-144	 192.66	 -1	-2 	 68	100	 23	(-2,8)
2026-05-21 01:53:06	 8770	 -607	2295	-144	 69.61	 0	5 	 68	100	 23	(-2,9)
2026-05-21 01:53:07	 8805	 -453	2449	-144	 334.69	 3	0 	 68	100	 23	(-1,9)
2026-05-21 01:53:08	 8840	 -378	2355	-144	 322.38	 3	-7 	 68	100	 23	(-1,9)
2026-05-21 01:53:09	 8875	 -369	2256	-144	 71.37	 -1	1 	 68	100	 23	(-1,9)
2026-05-21 01:53:10	 8910	 -356	2351	-232	 331.17	 0	-1 	 61	 86	 23	(-1,9)
2026-05-21 01:53:11	 8945	 -350	2320	-232	 359.30	 0	0 	 54	 72	 22	(-1,9)
2026-05-21 01:53:24	 9326	 -1472	-3337	64	 81.21	 0	3 	 54	 72	 22	(-5,-13)
2026-05-21 01:53:25	 9368	 -1442	-3220	64	 323.44	 2	-2 	 54	 72	 26	(-5,-12)
2026-05-21 01:53:26	 9403	 -1367	-3357	64	 200.39	 -1	-2 	 54	 72	 26	(-5,-13)
2026-05-21 01:53:27	 9438	 -1572	-3363	64	 161.72	 -6	0 	 54	 82	 26	(-6,-13)
2026-05-21 01:53:28	 9473	 -1625	-3348	64	 38.67	 2	3 	 54	 82	 26	(-6,-13)
2026-05-21 01:53:29	 9508	 -1493	-3222	64	 94.92	 1	-1 	 54	 82	 26	(-5,-12)
2026-05-21 01:53:30	 9543	 -1506	-3274	64	 84.38	 -6	0 	 54	 82	 26	(-6,-13)
2026-05-21 01:53:31	 9578	 -1607	-3217	64	 19.34	 1	0 	 54	 82	 26	(-6,-12)
2026-05-21 01:53:32	 9613	 -1535	-3217	64	 75.59	 0	0 	 54	 82	 26	(-6,-12)
2026-05-21 01:53:34	 9663	 -1563	-3286	64	 65.04	 -3	-7 	 54	 82	 26	(-6,-13)
2026-05-21 01:53:35	 9698	 -1618	-3376	64	 65.04	 -1	0 	 54	 82	 26	(-6,-13)
2026-05-21 01:53:36	 9733	 -1565	-3259	64	 38.67	 0	1 	 54	 82	 26	(-6,-13)
2026-05-21 01:53:37	 9768	 -1564	-3242	64	 33.40	 -3	3 	 54	 82	 26	(-6,-12)
2026-05-21 01:53:38	 9807	 -1510	-3324	64	 33.40	 3	-5 	 54	 82	 26	(-6,-13)
2026-05-21 01:53:39	 9842	 -1486	-3363	64	 128.32	 0	0 	 54	 82	 26	(-5,-13)
2026-05-21 01:53:40	 9877	 -1361	-3266	64	 154.69	 1	1 	 54	 82	 26	(-5,-13)
2026-05-21 01:53:43	 9987	 -1386	-3275	64	 116.02	 -5	-3 	 52	 78	 25	(-5,-13)
2026-05-21 01:53:44	 10022	 -1574	-3371	64	 98.44	 -2	-1 	 52	 78	 25	(-6,-13)
2026-05-21 01:53:45	 10057	 -1596	-3350	64	 56.25	 -5	3 	 52	 78	 25	(-6,-13)
2026-05-21 01:53:46	 10092	 -1648	-3261	64	 29.88	 0	2 	 52	 78	 25	(-6,-13)
2026-05-21 01:53:47	 10127	 -1634	-3262	64	 28.12	 0	-1 	 52	 78	 24	(-6,-13)
2026-05-21 01:53:49	 10195	 -1648	-3217	64	 15.82	 -1	0 	 52	 78	 24	(-6,-12)
2026-05-21 01:53:50	 10233	 -1641	-3244	64	 54.49	 -1	0 	 52	 78	 24	(-6,-12)
2026-05-21 01:53:51	 10268	 -1589	-3269	64	 54.49	 5	-4 	 52	 78	 24	(-6,-13)
2026-05-21 01:53:52	 10303	 -1521	-3318	64	 94.92	 0	-1 	 52	 78	 24	(-6,-13)
2026-05-21 01:53:53	 10338	 -1443	-3303	64	 119.53	 1	0 	 52	 78	 24	(-5,-13)
2026-05-21 01:53:54	 10373	 -1401	-3273	64	 147.66	 0	0 	 52	 78	 24	(-5,-13)
2026-05-21 01:53:55	 10412	 -1409	-3261	64	 180.22	 -5	0 	 52	 78	 23	(-5,-13)
2026-05-21 01:53:56	 10447	 -1599	-3250	64	 108.15	 -2	0 	 52	 78	 23	(-6,-13)
2026-05-21 01:53:57	 10482	 -1565	-3217	64	 37.84	 3	0 	 52	 78	 23	(-6,-12)
2026-05-21 01:53:58	 10517	 -1498	-3188	64	 141.55	 -3	2 	 52	 78	 23	(-5,-12)
2026-05-21 01:53:59	 10552	 -1709	-3079	64	 164.40	 -8	2 	 52	 78	 23	(-6,-12)
2026-05-21 01:54:00	 10587	 -1864	-3026	64	 88.81	 -1	2 	 52	 78	 27	(-7,-12)
2026-05-21 01:54:01	 10622	 -1866	-2809	64	 62.45	 0	3 	 52	 78	 27	(-7,-11)
2026-05-21 01:54:02	 10657	 -1930	-2727	64	 55.42	 -5	3 	 52	 78	 27	(-7,-10)
2026-05-21 01:54:03	 10692	 -1968	-2696	64	 22.02	 0	0 	 52	 78	 27	(-7,-10)
2026-05-21 01:54:04	 10728	 -1926	-2632	64	 22.02	 5	2 	 52	 78	 27	(-7,-10)
2026-05-21 01:54:05	 10763	 -1838	-2596	64	 350.38	 2	-1 	 52	 78	 27	(-7,-10)
2026-05-21 01:54:06	 10798	 -1634	-2571	64	 69.48	 0	1 	 54	 78	 27	(-6,-10)
2026-05-21 01:54:07	 10833	 -1701	-2449	64	 176.70	 -5	0 	 54	 88	 27	(-6,-9)
2026-05-21 01:54:08	 10868	 -1781	-2541	64	 218.89	 -7	-5 	 54	 88	 27	(-7,-10)
2026-05-21 01:54:09	 10903	 -1912	-2771	64	 276.90	 0	-9 	 54	 88	 27	(-7,-11)
2026-05-21 01:54:10	 10938	 -1825	-3023	64	 345.45	 6	-5 	 55	 88	 27	(-7,-12)
2026-05-21 01:54:11	 10973	 -1558	-3113	64	 354.24	 8	-2 	 55	 88	 27	(-6,-12)
2026-05-21 01:54:12	 11008	 -1271	-3114	64	 39.95	 7	2 	 55	 88	 27	(-5,-12)
2026-05-21 01:54:13	 11043	 -1153	-2894	64	 92.68	 0	8 	 55	 88	 27	(-4,-11)
2026-05-21 01:54:14	 11078	 -1184	-2612	64	 147.17	 -5	6 	 55	 88	 27	(-4,-10)
2026-05-21 01:54:15	 11113	 -1238	-2532	64	 208.70	 -1	0 	 55	 88	 26	(-4,-10)
2026-05-21 01:54:16	 11148	 -1271	-2608	64	 203.42	 -1	0 	 56	 88	 26	(-5,-10)
2026-05-21 01:54:17	 11183	 -1357	-2524	64	 80.38	 0	1 	 57	100	 26	(-5,-10)
2026-05-21 01:54:18	 11218	 -1270	-2431	64	 85.65	 2	4 	 57	100	 26	(-5,-9)
2026-05-21 01:54:19	 11253	 -1228	-2410	64	 338.42	 4	-1 	 57	100	 26	(-4,-9)
2026-05-21 01:54:20	 11288	 -1175	-2559	64	 271.63	 0	-14 	 57	100	 26	(-4,-10)
2026-05-21 01:54:21	 11323	 -1221	-3081	64	 171.43	 -11	-9 	 57	100	 26	(-4,-12)
2026-05-21 01:54:22	 11358	 -1722	-3069	64	 155.61	 -16	3 	 57	100	 26	(-6,-12)
2026-05-21 01:54:23	 11393	 -1902	-2650	64	 78.27	 2	15 	 57	100	 26	(-7,-10)
2026-05-21 01:54:24	 11428	 -1807	-2579	64	 160.88	 2	-2 	 57	100	 26	(-7,-10)
2026-05-21 01:54:25	 11463	 -1794	-2589	64	 174.95	 1	-1 	 57	100	 25	(-7,-10)
2026-05-21 01:54:27	 11519	 -1777	-2594	64	 95.84	 -2	-1 	 57	100	 25	(-7,-10)
2026-05-21 01:54:28	 11554	 -1914	-2609	64	 88.81	 -1	-1 	 57	100	 25	(-7,-10)
2026-05-21 01:54:29	 11608	 -1924	-2632	64	 83.54	 -1	-5 	 57	100	 24	(-7,-10)
2026-05-21 01:54:30	 11643	 -1927	-2657	64	 83.54	 0	5 	 57	100	 24	(-7,-10)
2026-05-21 01:54:31	 11678	 -1906	-2646	64	 85.30	 -1	-3 	 57	100	 24	(-7,-10)
2026-05-21 01:54:32	 11713	 -1908	-2676	64	 85.30	 -1	-1 	 57	100	 23	(-7,-10)
2026-05-21 01:54:33	 11752	 -1868	-2666	64	 104.63	 6	1 	 57	100	 23	(-7,-10)
2026-05-21 01:54:34	 11792	 -1814	-2612	64	 189.01	 -1	5 	 58	100	 23	(-7,-10)
2026-05-21 01:54:35	 11827	 -1918	-2508	64	 185.49	 -8	-1 	 58	100	 23	(-7,-10)
2026-05-21 01:54:36	 11862	 -2087	-2582	64	 217.13	 -5	-6 	 58	100	 23	(-8,-10)
2026-05-21 01:54:38	 11915	 -2160	-2553	64	 99.36	 -1	6 	 58	101	 23	(-8,-10)
2026-05-21 01:54:39	 11950	 -2160	-2459	64	 169.67	 0	0 	 58	101	 23	(-8,-9)
2026-05-21 01:54:42	 12065	 -2160	-2409	64	 58.93	 0	0 	 58	102	 22	(-8,-9)
2026-05-21 01:54:43	 12100	 -2127	-2429	64	 316.98	 3	-4 	 58	102	 22	(-8,-9)
2026-05-21 01:54:44	 12135	 -1941	-2517	64	 57.17	 0	0 	 58	102	 22	(-7,-10)
2026-05-21 01:54:45	 12170	 -1940	-2335	64	 132.76	 -3	7 	 58	102	 22	(-7,-9)
2026-05-21 01:54:46	 12205	 -1988	-2257	64	 23.77	 -1	0 	 58	103	 22	(-7,-9)
2026-05-21 01:54:47	 12240	 -1997	-2290	64	 74.75	 0	2 	 58	103	 22	(-7,-9)
2026-05-21 01:54:50	 12355	 -1952	-2340	64	 85.30	 1	-7 	 58	103	 20	(-7,-9)
2026-05-21 01:54:51	 12390	 -1858	-2339	64	 67.72	 4	6 	 58	103	 20	(-7,-9)
2026-05-21 01:54:52	 12425	 -1787	-2080	96	 116.94	 -2	7 	 58	103	 20	(-7,-8)
2026-05-21 01:54:53	 12460	 -1841	-1990	96	 206.59	 -5	-3 	 58	103	 20	(-7,-7)
2026-05-21 01:54:54	 12495	 -2093	-2028	32	 231.20	 -8	-3 	 58	103	 20	(-8,-8)
2026-05-21 01:54:55	 12531	 -2152	-2129	32	 357.76	 5	-2 	 58	103	 20	(-8,-8)
2026-05-21 01:54:56	 12566	 -2040	-2138	32	 350.73	 1	-1 	 58	103	 19	(-8,-8)
2026-05-21 01:54:57	 12601	 -1964	-2196	32	 255.81	 -5	1 	 58	103	 23	(-7,-8)
2026-05-21 01:54:58	 12636	 -2150	-2139	32	 261.08	 2	0 	 58	103	 23	(-8,-8)
2026-05-21 01:54:59	 12671	 -1940	-2159	32	 232.95	 4	-1 	 58	103	 23	(-7,-8)
2026-05-21 01:55:03	 12777	 -1929	-2157	32	 152.09	 -2	0 	 55	 97	 21	(-7,-8)
2026-05-21 01:55:04	 12812	 -1928	-2089	32	 81.78	 0	0 	 55	 97	 21	(-7,-8)
2026-05-21 01:55:05	 12858	 -1921	-2182	32	 118.70	 0	-4 	 55	 97	 21	(-7,-8)
2026-05-21 01:55:07	 12917	 -2122	-2091	32	 115.18	 -5	2 	 55	 97	 21	(-8,-8)
2026-05-21 01:55:08	 12952	 -2176	-1984	32	 85.30	 -1	7 	 55	 97	 21	(-8,-7)
2026-05-21 01:55:09	 12987	 -2150	-1749	32	 76.51	 -1	-2 	100	 97	 21	(-8,-6)
2026-05-21 01:55:10	 13022	 -2200	-1959	32	 76.51	 -1	-6 	100	 97	 21	(-8,-7)
2026-05-21 01:55:11	 13057	 -2200	-2061	32	 53.66	 0	-1 	100	 97	 21	(-8,-8)
2026-05-21 01:55:12	 13092	 -2058	-2019	32	 6.20	 7	1 	100	 97	 21	(-8,-8)
2026-05-21 01:55:13	 13127	 -1814	-1952	96	 85.30	 2	1 	100	 97	 21	(-7,-7)
2026-05-21 01:55:14	 13162	 -1863	-1853	96	 97.60	 -3	6 	100	 97	 21	(-7,-7)
2026-05-21 01:55:15	 13197	 -1910	-1649	96	 94.09	 -1	1 	100	 97	 21	(-7,-6)
2026-05-21 01:55:16	 13232	 -1910	-1665	96	 88.81	 0	-1 	100	 97	 20	(-7,-6)
2026-05-21 01:55:17	 13267	 -1911	-1720	96	 88.81	 -1	-1 	100	 97	 19	(-7,-6)
2026-05-21 01:55:18	 13302	 -1922	-1871	96	 80.02	 0	-1 	 98	 94	 19	(-7,-7)
2026-05-21 01:55:19	 13341	 -1905	-1791	96	 80.02	 1	6 	 98	 94	 18	(-7,-7)
2026-05-21 01:55:20	 13376	 -1865	-1516	96	 81.78	 1	8 	 98	 94	 17	(-7,-6)
2026-05-21 01:55:21	 13411	 -1832	-1306	96	 88.81	 0	1 	 93	 84	 20	(-7,-5)
2026-05-21 01:55:22	 13446	 -1831	-1304	96	 81.78	 -1	-1 	 89	 76	 19	(-7,-5)
2026-05-21 01:55:25	 13550	 -1830	-1245	96	 88.81	 0	6 	 89	 76	 18	(-7,-4)
2026-05-21 01:55:26	 13585	 -1784	-980	96	 39.59	 4	6 	 89	100	 18	(-7,-3)
2026-05-21 01:55:27	 13620	 -1645	-774	96	 14.99	 4	2 	 89	100	 18	(-6,-3)
2026-05-21 01:55:28	 13655	 -1665	-729	96	 339.83	 -7	1 	 89	100	 22	(-6,-2)
2026-05-21 01:55:29	 13690	 -1820	-782	96	 234.36	 -8	-10 	 89	100	 22	(-7,-3)
2026-05-21 01:55:30	 13725	 -1783	-1179	96	 251.94	 0	-16 	 89	100	 22	(-7,-4)
2026-05-21 01:55:31	 13760	 -1870	-1584	96	 258.97	 -2	-2 	 89	100	 22	(-7,-6)
2026-05-21 01:55:32	 13795	 -1919	-1718	96	 302.92	 4	-13 	 89	100	 22	(-7,-6)
2026-05-21 01:55:33	 13830	 -1793	-2130	96	 139.44	 0	-5 	 89	100	 22	(-7,-8)
2026-05-21 01:55:34	 13865	 -1916	-2001	96	 192.17	 -10	1 	 89	100	 22	(-7,-8)
2026-05-21 01:55:35	 13900	 -2197	-1836	32	 84.95	 0	8 	 89	100	 22	(-8,-7)
2026-05-21 01:55:36	 13935	 -2193	-1847	32	 63.85	 -1	-1 	 89	100	 22	(-8,-7)
2026-05-21 01:55:37	 13970	 -2123	-1745	32	 63.85	 1	0 	 89	100	 22	(-8,-6)
2026-05-21 01:55:38	 14005	 -2105	-1745	32	 63.85	 1	0 	 89	100	 22	(-8,-6)
2026-05-21 01:55:39	 14040	 -2108	-1773	56	 63.85	 -1	-1 	 89	100	 22	(-8,-7)
2026-05-21 01:55:40	 14075	 -2098	-1753	176	 79.67	 0	0 	 89	100	 22	(-8,-7)
2026-05-21 01:55:41	 14110	 -2094	-1745	176	 81.43	 0	4 	 87	 96	 21	(-8,-6)
2026-05-21 01:55:42	 14145	 -2055	-1502	176	 118.34	 -1	7 	 87	 98	 29	(-8,-6)
2026-05-21 01:55:43	 14180	 -2128	-1513	176	 241.39	 -1	-4 	 87	 98	 33	(-8,-6)
2026-05-21 01:55:44	 14215	 -2183	-1692	176	 251.94	 -4	-7 	 87	100	 33	(-8,-6)
2026-05-21 01:55:45	 14259	 -2178	-1854	32	 301.16	 3	-7 	 87	100	 33	(-8,-7)
2026-05-21 01:55:46	 14294	 -1987	-2030	64	 7.95	 7	-1 	 87	100	 33	(-7,-8)
2026-05-21 01:55:47	 14329	 -1819	-1924	96	 116.94	 -3	4 	 87	100	 33	(-7,-7)
2026-05-21 01:55:48	 14364	 -1919	-1684	96	 95.84	 -2	8 	 87	100	 33	(-7,-6)
2026-05-21 01:55:49	 14399	 -1936	-1618	96	 83.54	 0	4 	 87	100	 33	(-7,-6)
2026-05-21 01:55:50	 14434	 -1867	-1383	96	 67.72	 3	7 	 87	100	 33	(-7,-5)
2026-05-21 01:55:51	 14469	 -1799	-1117	96	 113.42	 0	5 	 84	 94	 33	(-7,-4)
2026-05-21 01:55:52	 14504	 -1799	-1061	96	 160.88	 -3	1 	 84	 94	 32	(-7,-4)
2026-05-21 01:55:53	 14543	 -1895	-969	96	 53.66	 2	3 	 84	 94	 36	(-7,-3)
2026-05-21 01:55:54	 14578	 -1870	-943	96	 43.11	 0	0 	 84	 94	 36	(-7,-3)
2026-05-21 01:55:55	 14618	 -1719	-818	96	 20.26	 6	3 	 84	 94	 36	(-6,-3)
2026-05-21 01:55:56	 14653	 -1564	-756	96	 345.10	 0	0 	 84	100	 35	(-6,-3)
2026-05-21 01:55:57	 14688	 -1686	-721	96	 345.10	 -1	0 	 84	100	 35	(-6,-2)
2026-05-21 01:55:58	 14725	 -1666	-728	96	 343.34	 5	-2 	 84	100	 34	(-6,-2)
2026-05-21 01:55:59	 14760	 -1415	-808	88	 336.31	 7	-4 	 84	100	 34	(-5,-3)
2026-05-21 01:56:00	 14795	 -1141	-906	88	 11.47	 8	-1 	 84	100	 34	(-4,-3)
2026-05-21 01:56:01	 14830	 -875	-822	88	 43.11	 6	4 	 84	100	 38	(-3,-3)
2026-05-21 01:56:02	 14865	 -616	-738	96	 322.25	 5	-1 	 84	100	 38	(-2,-2)
2026-05-21 01:56:03	 14900	 -593	-859	96	 341.59	 0	-3 	 84	100	 38	(-2,-3)
2026-05-21 01:56:04	 14935	 -488	-842	96	 74.75	 2	3 	 84	100	 38	(-1,-3)
2026-05-21 01:56:05	 14970	 -446	-751	96	 90.57	 0	-4 	 84	101	 37	(-1,-3)
2026-05-21 01:56:06	 15005	 -420	-842	96	 99.36	 0	0 	 72	 77	 36	(-1,-3)
2026-05-21 01:56:07	 15040	 -460	-681	96	 141.55	 -1	2 	 72	 77	 39	(-1,-2)
2026-05-21 01:56:08	 15075	 -496	-645	96	 213.62	 -1	-3 	 63	 58	 39	(-1,-2)
2026-05-21 01:56:09	 15110	 -631	-694	96	 197.80	 -7	-2 	 64	 58	 39	(-2,-2)
2026-05-21 01:56:10	 15145	 -901	-717	88	 152.09	 -8	2 	 64	 68	 39	(-3,-2)
2026-05-21 01:56:11	 15180	 -1169	-636	88	 204.83	 -8	-2 	 64	 68	 39	(-4,-2)
2026-05-21 01:56:12	 15215	 -1362	-770	88	 303.27	 -2	-3 	 64	 68	 39	(-5,-3)
2026-05-21 01:56:13	 15250	 -1376	-792	88	 357.76	 -1	-1 	 64	 68	 39	(-5,-3)
2026-05-21 01:56:15	 15316	 -1243	-865	88	 308.54	 1	-2 	 64	 68	 39	(-4,-3)
2026-05-21 01:56:16	 15351	 -1272	-792	83	 278.66	 -4	6 	 64	 68	 39	(-5,-3)
2026-05-21 01:56:18	 15431	 -1256	-723	-13	 296.24	 1	1 	 64	 68	 39	(-5,-2)
2026-05-21 01:56:19	 15466	 -1132	-812	4	 22.37	 2	-2 	 64	 68	 39	(-4,-3)
2026-05-21 01:56:20	 15501	 -1053	-743	22	 97.95	 -1	5 	 64	 93	 39	(-4,-2)
2026-05-21 01:56:26	 15683	 -934	-708	88	 347.21	 7	-2 	 64	 93	 37	(-3,-2)
2026-05-21 01:56:27	 15718	 -672	-810	96	 327.88	 7	-5 	 64	 93	 37	(-2,-3)
2026-05-21 01:56:28	 15753	 -511	-880	96	 276.90	 0	0 	 64	 93	 41	(-2,-3)
2026-05-21 01:56:29	 15788	 -417	-903	96	 350.73	 6	-2 	 64	 93	 41	(-1,-3)
2026-05-21 01:56:30	 15840	 -404	-775	96	 97.95	 -1	7 	 64	 93	 41	(-1,-3)
2026-05-21 01:56:31	 15875	 -447	-496	96	 59.28	 0	7 	 64	 93	 45	(-1,-1)
2026-05-21 01:56:32	 15910	 -329	-373	96	 343.70	 7	0 	 65	 93	 45	(-1,-1)
2026-05-21 01:56:33	 15945	 -125	-522	96	 278.66	 3	-8 	 66	 93	 45	(0,-2)
2026-05-21 01:56:34	 15980	 -72	-553	96	 269.87	 1	4 	 66	 93	 44	(0,-2)
2026-05-21 01:56:35	 16015	 -95	-450	96	 257.56	 -1	0 	 63	 87	 43	(0,-1)
2026-05-21 01:56:38	 16102	 -100	-427	96	 273.38	 -1	0 	 63	 87	 41	(0,-1)
2026-05-21 01:56:39	 16137	 -91	-580	96	 268.11	 0	-8 	 63	 87	 41	(0,-2)
2026-05-21 01:56:40	 16172	 -149	-851	104	 218.89	 -5	-7 	 64	 87	 41	(0,-3)
2026-05-21 01:56:41	 16207	 -269	-832	96	 95.84	 -3	2 	 64	 89	 41	(-1,-3)
2026-05-21 01:56:42	 16242	 -300	-805	96	 76.51	 -1	-1 	 64	 89	 40	(-1,-3)
2026-05-21 01:56:43	 16277	 -304	-848	96	 76.51	 0	-3 	 55	 71	 39	(-1,-3)
2026-05-21 01:56:44	 16312	 -205	-799	96	 27.29	 6	2 	 55	 71	 39	(0,-3)
2026-05-21 01:56:45	 16347	 -75	-592	96	 111.67	 -1	7 	 55	 71	 39	(0,-2)
2026-05-21 01:56:46	 16382	 -246	-409	96	 180.22	 -8	1 	 55	 71	 39	(0,-1)
2026-05-21 01:56:47	 16417	 -479	-495	96	 269.87	 -3	-7 	 55	 71	 39	(-1,-1)
2026-05-21 01:56:48	 16452	 -501	-667	96	 194.28	 -3	-4 	 55	 71	 39	(-2,-2)
2026-05-21 01:56:49	 16487	 -757	-716	91	 194.28	 -14	-3 	 55	 71	 39	(-3,-2)
2026-05-21 01:56:50	 16522	 -1321	-783	88	 180.22	 -17	-1 	 55	 71	 39	(-5,-3)
2026-05-21 01:56:51	 16557	 -1792	-933	96	 290.96	 -2	-13 	 55	 71	 39	(-7,-3)
2026-05-21 01:56:52	 16592	 -1888	-1458	96	 264.59	 -5	-16 	 55	 71	 39	(-7,-5)
2026-05-21 01:56:53	 16627	 -1842	-1585	96	 275.14	 2	-2 	 55	 71	 39	(-7,-6)
2026-05-21 01:56:54	 16662	 -1879	-1973	96	 296.24	 2	-16 	 55	 71	 39	(-7,-7)
2026-05-21 01:56:55	 16697	 -1909	-2437	64	 210.10	 -12	-8 	 55	 71	 39	(-7,-9)
2026-05-21 01:56:56	 16732	 -2031	-2569	64	 31.16	 6	5 	 55	 71	 39	(-8,-10)
2026-05-21 01:56:57	 16767	 -1968	-2544	64	 296.24	 0	-3 	 55	 71	 39	(-7,-10)
2026-05-21 01:56:58	 16802	 -1838	-2712	64	 236.47	 -4	-13 	 55	 71	 39	(-7,-10)
2026-05-21 01:56:59	 16837	 -1780	-3128	64	 8.31	 13	-3 	 55	 71	 39	(-7,-12)
2026-05-21 01:57:00	 16872	 -1251	-3068	64	 80.38	 11	8 	 55	 71	 39	(-5,-12)
2026-05-21 01:57:01	 16907	 -1167	-2678	64	 101.47	 -2	15 	 55	 71	 39	(-4,-10)
2026-05-21 01:57:02	 16942	 -1211	-2422	64	 101.47	 0	-3 	 55	 71	 39	(-4,-9)
2026-05-21 01:57:03	 16977	 -1208	-2463	64	 87.41	 -1	-5 	 55	 71	 38	(-4,-9)
2026-05-21 01:57:04	 17012	 -1212	-2562	64	 87.41	 -1	-1 	 55	 71	 37	(-4,-10)
2026-05-21 01:57:06	 17101	 -1222	-2499	64	 103.23	 -2	9 	 55	 71	 36	(-4,-9)
2026-05-21 01:57:10	 17232	 -1326	-2119	64	 290.96	 1	-4 	 94	 59	 34	(-5,-8)
2026-05-21 01:57:11	 17267	 -1282	-2231	64	 13.58	 0	-1 	 94	 59	 38	(-5,-8)
2026-05-21 01:57:12	 17302	 -1200	-2164	64	 54.01	 4	4 	 94	 59	 38	(-4,-8)
2026-05-21 01:57:13	 17337	 -1121	-2037	64	 36.43	 4	3 	 94	 59	 42	(-4,-8)
2026-05-21 01:57:14	 17372	 -1002	-1900	64	 69.83	 0	0 	 94	 59	 42	(-4,-7)
2026-05-21 01:57:15	 17407	 -983	-1880	64	 24.13	 -3	-2 	 94	 59	 41	(-3,-7)
2026-05-21 01:57:16	 17442	 -1032	-1904	64	 11.82	 0	-1 	 94	 59	 41	(-4,-7)
2026-05-21 01:57:18	 17509	 -1038	-1967	64	 334.91	 -2	-7 	 89	 49	 41	(-4,-7)
2026-05-21 01:57:19	 17544	 -1168	-2174	64	 334.91	 3	-6 	 89	 49	 41	(-4,-8)
2026-05-21 01:57:20	 17579	 -900	-2222	64	 343.70	 8	-2 	 89	 49	 41	(-3,-8)
2026-05-21 01:57:21	 17614	 -666	-2136	64	 106.74	 1	7 	 89	 49	 41	(-2,-8)
2026-05-21 01:57:22	 17668	 -682	-2201	64	 164.75	 -3	-4 	 89	 49	 41	(-2,-8)
2026-05-21 01:57:27	 17821	 -702	-2221	64	 87.41	 0	0 	 89	 49	 37	(-2,-8)
2026-05-21 01:57:28	 17856	 -702	-2008	64	 94.44	 -1	8 	 89	 49	 41	(-2,-8)
2026-05-21 01:57:29	 17891	 -711	-1861	64	 59.28	 0	1 	 89	 49	 40	(-2,-7)
2026-05-21 01:57:30	 17926	 -629	-1740	64	 25.88	 3	2 	 89	 49	 40	(-2,-6)
2026-05-21 01:57:31	 17961	 -537	-1680	48	 350.73	 -1	1 	 81	 33	 40	(-2,-6)
2026-05-21 01:57:32	 17996	 -639	-1655	64	 345.45	 -1	-1 	 81	 33	 39	(-2,-6)
2026-05-21 01:57:33	 18039	 -645	-1661	64	 315.57	 -1	-1 	 78	 27	 38	(-2,-6)
2026-05-21 01:57:34	 18082	 -883	-1863	64	 176.70	 -14	-5 	 78	 27	 38	(-3,-7)
2026-05-21 01:57:35	 18117	 -1022	-1991	64	 271.63	 1	-13 	 78	 27	 38	(-4,-7)
2026-05-21 01:57:36	 18152	 -1227	-2192	64	 164.40	 -15	1 	 78	 27	 38	(-4,-8)
2026-05-21 01:57:38	 18207	 -1291	-2151	64	 30.81	 2	1 	 78	 27	 38	(-5,-8)
2026-05-21 01:57:39	 18242	 -1198	-2091	64	 43.11	 2	2 	 78	 27	 38	(-4,-8)
2026-05-21 01:57:40	 18277	 -1131	-2030	64	 43.11	 2	2 	 78	 27	 38	(-4,-8)
2026-05-21 01:57:41	 18315	 -1053	-1957	64	 43.11	 1	1 	 78	 27	 38	(-4,-7)
2026-05-21 01:57:42	 18350	 -1019	-1925	64	 39.59	 0	0 	 78	 27	 38	(-4,-7)
2026-05-21 01:57:44	 18425	 -1027	-1897	64	 18.50	 -1	0 	 78	 27	 38	(-4,-7)
2026-05-21 01:57:45	 18460	 -1023	-1874	64	 18.50	 3	1 	 78	 27	 38	(-4,-7)
2026-05-21 01:57:46	 18495	 -926	-1840	64	 11.47	 0	0 	 78	 27	 38	(-3,-7)
2026-05-21 01:57:47	 18530	 -922	-1858	64	 0.92	 0	-2 	 78	 27	 38	(-3,-7)
2026-05-21 01:57:48	 18571	 -923	-1814	64	 325.77	 -1	-1 	 78	 27	 38	(-3,-7)
2026-05-21 01:57:49	 18606	 -903	-1814	64	 325.77	 3	-3 	 78	 27	 38	(-3,-7)
2026-05-21 01:57:50	 18641	 -837	-1858	64	 357.41	 0	-1 	 78	 27	 38	(-3,-7)
2026-05-21 01:57:51	 18676	 -789	-1872	64	 295.88	 1	-1 	 78	 27	 38	(-3,-7)
2026-05-21 01:57:52	 18711	 -697	-1999	64	 273.03	 1	-8 	 78	 27	 38	(-2,-7)
2026-05-21 01:57:53	 18746	 -681	-2091	64	 250.18	 0	-1 	 78	 27	 38	(-2,-8)
2026-05-21 01:57:55	 18814	 -706	-1999	64	 81.43	 -1	4 	 78	 27	 38	(-2,-7)
2026-05-21 01:57:56	 18849	 -709	-1915	64	 77.92	 0	0 	 78	 27	 38	(-2,-7)
2026-05-21 01:57:57	 18893	 -700	-1886	64	 69.13	 1	4 	 78	 27	 38	(-2,-7)
2026-05-21 01:57:58	 18928	 -661	-1804	64	 48.03	 0	1 	 78	 27	 38	(-2,-7)
2026-05-21 01:57:59	 18963	 -626	-1768	64	 41.00	 2	2 	 78	 27	 38	(-2,-7)
2026-05-21 01:58:00	 18998	 -583	-1729	64	 11.12	 0	0 	 78	 27	 38	(-2,-6)
2026-05-21 01:58:03	 19091	 -584	-1693	64	 351.78	 -1	0 	 78	 27	 37	(-2,-6)
2026-05-21 01:58:04	 19126	 -579	-1654	64	 341.24	 0	0 	 78	 27	 37	(-2,-6)
2026-05-21 01:58:05	 19161	 -561	-1610	48	 334.20	 1	3 	 78	 27	 37	(-2,-6)
2026-05-21 01:58:06	 19196	 -430	-1635	48	 299.05	 4	-4 	 78	 52	 37	(-1,-6)
2026-05-21 01:58:07	 19231	 -294	-1777	48	 0.57	 3	-1 	 78	 52	 41	(-1,-7)
2026-05-21 01:58:08	 19266	 -152	-1772	48	 4.09	 3	0 	 78	 52	 45	(0,-7)
2026-05-21 01:58:09	 19301	 82	-1754	48	 4.09	 8	0 	 78	 52	 45	(0,-7)
2026-05-21 01:58:10	 19349	 271	-1759	48	 272.68	 0	-5 	 78	 52	 50	(1,-7)
2026-05-21 01:58:11	 19384	 206	-1954	48	 179.52	 -6	-2 	 78	 52	 50	(0,-7)
2026-05-21 01:58:12	 19419	 -46	-1902	48	 151.39	 -8	3 	 78	 52	 50	(0,-7)
2026-05-21 01:58:13	 19454	 -210	-1805	48	 135.57	 -4	2 	 78	 52	 50	(0,-7)
2026-05-21 01:58:14	 19489	 -256	-1765	48	 89.87	 -1	0 	 78	 52	 50	(-1,-7)
2026-05-21 01:58:16	 19545	 -350	-1764	48	 84.59	 -2	0 	 78	 52	 50	(-1,-7)
2026-05-21 01:58:17	 19580	 -308	-1670	48	 38.89	 2	2 	 78	 52	 50	(-1,-6)
2026-05-21 01:58:18	 19615	 -287	-1640	48	 9.01	 0	0 	 78	 52	 50	(-1,-6)
2026-05-21 01:58:20	 19672	 -366	-1472	48	 51.20	 4	5 	 70	 36	 50	(-1,-5)
2026-05-21 01:58:21	 19707	 -97	-1360	48	 358.46	 8	1 	 70	 36	 50	(0,-5)
2026-05-21 01:58:22	 19742	 -36	-1432	48	 305.73	 3	-7 	 70	 36	 50	(0,-5)
2026-05-21 01:58:23	 19777	 144	-1488	48	 354.95	 7	-1 	 70	 36	 50	(0,-5)
2026-05-21 01:58:24	 19812	 271	-1419	48	 98.66	 -1	5 	 70	 36	 50	(1,-5)
2026-05-21 01:58:25	 19847	 151	-1233	48	 184.79	 -6	-1 	 70	 36	 50	(0,-4)
2026-05-21 01:58:26	 19882	 -101	-1285	48	 226.98	 -5	-5 	 70	 36	 50	(0,-5)
2026-05-21 01:58:27	 19917	 -334	-1408	48	 235.77	 -7	-5 	 70	 36	 50	(-1,-5)
2026-05-21 01:58:28	 19952	 -403	-1586	48	 355.30	 0	-2 	 70	 36	 50	(-1,-6)
2026-05-21 01:58:30	 20054	 -403	-1601	48	 0.57	 -1	1 	 70	 36	 48	(-1,-6)
2026-05-21 01:58:31	 20089	 -404	-1476	48	 0.57	 0	-3 	 70	 36	 48	(-1,-5)
2026-05-21 01:58:32	 20124	 -403	-1582	48	 0.57	 0	-2 	 70	 36	 47	(-1,-6)
2026-05-21 01:58:36	 20236	 -403	-1586	48	 358.81	 0	3 	 70	 36	 45	(-1,-6)
2026-05-21 01:58:37	 20271	 -401	-1501	48	 358.81	 0	0 	 70	 36	 45	(-1,-6)
2026-05-21 01:58:38	 20306	 -403	-1577	48	 358.81	 -1	-1 	 70	 36	 45	(-1,-6)
2026-05-21 01:58:39	 20341	 -253	-1595	48	 351.78	 7	-1 	 70	 36	 45	(-1,-6)
2026-05-21 01:58:40	 20376	 -31	-1615	57	 4.09	 7	0 	 70	 46	 45	(0,-6)
2026-05-21 01:58:41	 20411	 8	-1614	65	 7.60	 -6	-1 	 70	 46	 45	(0,-6)
2026-05-21 01:58:42	 20446	 -58	-1637	72	 358.81	 3	-1 	 70	 46	 45	(0,-6)
2026-05-21 01:58:43	 20481	 21	-1640	83	 56.82	 0	-1 	 70	 46	 45	(0,-6)
2026-05-21 01:58:50	 20740	 48	-1648	104	 4.09	 5	0 	 70	 46	 45	(0,-6)
2026-05-21 01:58:51	 20775	 269	-1636	136	 358.81	 5	0 	 70	 46	 45	(1,-6)
2026-05-21 01:58:52	 20810	 402	-1719	144	 288.50	 2	-7 	 70	 46	 49	(1,-6)
2026-05-21 01:58:53	 20845	 456	-1852	144	 204.13	 0	-1 	 70	 71	 49	(1,-7)
2026-05-21 01:58:54	 20881	 359	-1785	144	 96.90	 -4	6 	 70	 71	 49	(1,-7)
2026-05-21 01:58:55	 20916	 339	-1642	144	 58.23	 1	2 	 70	 71	 49	(1,-6)
2026-05-21 01:58:56	 20951	 438	-1428	144	 109.20	 0	7 	 70	 71	 50	(1,-5)
2026-05-21 01:58:57	 20986	 333	-1297	144	 179.52	 -3	0 	 70	 81	 50	(1,-5)
2026-05-21 01:58:59	 21042	 370	-1452	144	 307.84	 3	-7 	 70	 81	 50	(1,-5)
2026-05-21 01:59:00	 21077	 559	-1593	144	 355.30	 0	-1 	 70	 81	 50	(2,-6)
2026-05-21 01:59:01	 21112	 580	-1603	144	 355.30	 3	-1 	 70	 81	 50	(2,-6)
2026-05-21 01:59:02	 21147	 731	-1619	144	 279.71	 1	-1 	 71	 81	 50	(2,-6)
2026-05-21 01:59:22	 21783	 2027	1119	0	 180.00	 -3	-1 	 72	 83	 50	(8,4)
2026-05-21 01:59:23	 21818	 1872	1125	0	 176.48	 0	0 	 72	 83	 50	(7,4)
2026-05-21 01:59:24	 21853	 1831	1128	0	 176.48	 -6	0 	 72	 83	 50	(7,4)
2026-05-21 01:59:25	 21888	 1699	1103	0	 257.34	 -2	-2 	 72	 83	 50	(6,4)
2026-05-21 01:59:26	 21923	 1688	1148	0	 267.89	 0	6 	 72	 83	 49	(6,4)
2026-05-21 01:59:27	 21958	 1691	1231	0	 266.13	 0	0 	 72	 83	 48	(6,4)
2026-05-21 01:59:28	 22005	 1681	1087	0	 266.13	 -1	-14 	 72	 83	 47	(6,4)
2026-05-21 01:59:29	 22040	 1645	537	0	 273.16	 -1	-17 	 72	 83	 47	(6,2)
2026-05-21 01:59:30	 22075	 1607	342	0	 25.66	 -7	-1 	 68	 75	 47	(6,1)
2026-05-21 01:59:31	 22110	 1522	514	0	 97.73	 -3	14 	 68	 75	 47	(6,2)
2026-05-21 01:59:32	 22145	 1515	1052	0	 169.80	 -8	11 	 68	 75	 47	(6,4)
2026-05-21 01:59:33	 22180	 1251	1286	0	 99.49	 -2	6 	 68	 75	 47	(5,5)
2026-05-21 01:59:34	 22215	 1225	1280	0	 92.46	 -1	-4 	 68	 75	 46	(4,5)
2026-05-21 01:59:35	 22250	 1222	1243	0	 59.06	 -1	-1 	 68	 75	 45	(4,4)
2026-05-21 01:59:37	 22297	 1481	1091	0	 320.62	 13	-8 	 68	 75	 45	(5,4)
2026-05-21 01:59:38	 22332	 1623	615	0	 220.43	 -5	-15 	 68	 75	 45	(6,2)
2026-05-21 01:59:39	 22367	 1268	382	0	 264.38	 -5	-12 	 68	 75	 45	(5,1)
2026-05-21 01:59:40	 22402	 1210	170	0	 259.10	 0	2 	 68	 75	 44	(4,0)
2026-05-21 01:59:41	 22437	 1237	312	0	 273.16	 0	0 	 68	 75	 44	(4,1)
2026-05-21 01:59:42	 22472	 1279	357	0	 76.64	 5	8 	 68	 75	 44	(5,1)
2026-05-21 01:59:43	 22507	 1443	498	0	 48.52	 6	1 	 68	 75	 44	(5,1)
2026-05-21 01:59:44	 22542	 1575	779	0	 145.20	 -1	5 	 68	 75	 44	(6,3)
2026-05-21 01:59:45	 22577	 1521	852	0	 203.20	 -1	0 	 68	 75	 43	(6,3)
2026-05-21 01:59:46	 22612	 1367	791	0	 194.41	 -8	-3 	 67	 73	 43	(5,3)
2026-05-21 01:59:47	 22647	 1207	764	0	 138.16	 -5	3 	 67	 73	 43	(4,3)
2026-05-21 01:59:48	 22682	 891	928	24	 226.05	 -11	-6 	 67	 73	 43	(3,3)
2026-05-21 01:59:49	 22717	 783	757	24	 245.39	 -1	-4 	 67	 83	 43	(3,3)
2026-05-21 01:59:50	 22752	 761	731	24	 97.73	 -4	7 	 67	 83	 43	(3,2)
2026-05-21 01:59:51	 22787	 719	815	24	 4.57	 -1	0 	 67	 83	 43	(2,3)
2026-05-21 01:59:52	 22833	 854	563	8	 338.20	 10	-10 	 67	 83	 43	(3,2)
2026-05-21 01:59:54	 22913	 1011	599	24	 34.10	 3	5 	 67	 93	 43	(4,2)
2026-05-21 01:59:55	 22948	 1143	776	8	 23.55	 0	3 	 67	 93	 43	(4,3)
2026-05-21 01:59:56	 22983	 1172	810	8	 351.91	 7	-1 	 67	 93	 42	(4,3)
2026-05-21 01:59:57	 23018	 1502	940	0	 162.42	 -4	10 	 67	 93	 42	(6,3)
2026-05-21 01:59:58	 23053	 1424	1027	0	 276.68	 0	0 	 65	 89	 41	(5,4)
2026-05-21 01:59:59	 23088	 1478	733	0	 276.68	 2	-16 	 65	 89	 41	(5,2)
2026-05-21 02:00:00	 23123	 1486	406	0	 151.88	 -1	-2 	 65	 89	 41	(5,1)
2026-05-21 02:00:01	 23158	 1526	336	0	 111.45	 1	0 	 58	 75	 40	(6,1)
2026-05-21 02:00:02	 23193	 1586	608	0	 111.45	 -1	11 	 58	 75	 40	(6,2)
2026-05-21 02:00:03	 23228	 1573	923	0	 85.08	 1	8 	 58	 75	 39	(6,3)
2026-05-21 02:00:04	 23263	 1395	1138	0	 143.09	 -10	3 	 58	 75	 39	(5,4)
2026-05-21 02:00:05	 23298	 1197	1378	0	 102.66	 -3	5 	 58	 75	 39	(4,5)
2026-05-21 02:00:06	 23333	 1170	1461	0	 109.69	 -1	0 	 58	 75	 42	(4,5)
2026-05-21 02:00:08	 23368	 1210	1350	0	 106.17	 0	-2 	 58	 75	 42	(4,5)
2026-05-21 02:00:09	 23403	 1214	1341	0	 100.90	 -1	2 	 58	 75	 41	(4,5)
2026-05-21 02:00:10	 23438	 1208	1362	0	 92.11	 -1	0 	 58	 75	 40	(4,5)
2026-05-21 02:00:11	 23484	 1332	1508	0	 49.92	 5	5 	 58	 75	 40	(5,6)
2026-05-21 02:00:12	 23519	 1390	1566	0	 76.29	 0	0 	 58	 75	 39	(5,6)
2026-05-21 02:00:13	 23554	 1396	1537	0	 97.38	 0	-1 	 49	 57	 38	(5,6)
2026-05-21 02:00:15	 23627	 1348	1573	0	 146.60	 -6	4 	 49	 57	 37	(5,6)
2026-05-21 02:00:16	 23662	 938	1707	0	 172.97	 -16	2 	 49	 57	 37	(3,6)
2026-05-21 02:00:17	 23697	 427	1772	32	 188.79	 -15	0 	 49	 57	 37	(1,7)
2026-05-21 02:00:18	 23732	 172	1689	64	 236.25	 -2	-1 	 49	 57	 36	(0,6)
2026-05-21 02:00:19	 23767	 78	1536	96	 269.65	 -2	-4 	 49	 57	 36	(0,6)
2026-05-21 02:00:20	 23802	 68	1472	112	 290.74	 1	-6 	 49	 57	 36	(0,5)
2026-05-21 02:00:21	 23837	 143	1357	128	 357.54	 3	-1 	 49	 57	 36	(0,5)
2026-05-21 02:00:22	 23872	 181	1348	128	 2.81	 0	-1 	 49	 57	 35	(0,5)
2026-05-21 02:00:24	 23928	 171	1349	128	 352.27	 -1	0 	 46	 51	 33	(0,5)
2026-05-21 02:00:25	 23963	 18	1466	112	 248.55	 -3	7 	 46	 51	 33	(0,5)
2026-05-21 02:00:26	 23998	 75	1477	112	 274.92	 2	-7 	 46	 51	 33	(0,5)
2026-05-21 02:00:27	 24033	 37	1290	128	 288.98	 -1	-2 	 46	 51	 33	(0,5)
2026-05-21 02:00:28	 24068	 77	1304	128	 27.42	 9	5 	 46	 51	 33	(0,5)
2026-05-21 02:00:29	 24103	 385	1367	128	 2.81	 7	0 	 46	 51	 32	(1,5)
2026-05-21 02:00:30	 24138	 666	1339	128	 357.54	 8	-2 	 46	 51	 32	(2,5)
2026-05-21 02:00:31	 24173	 953	1298	128	 339.96	 8	-3 	 46	 51	 32	(3,5)
2026-05-21 02:00:32	 24208	 1175	1132	128	 311.84	 5	-7 	 46	 51	 32	(4,4)
2026-05-21 02:00:33	 24243	 1341	994	128	 355.78	 1	-2 	 46	 51	 32	(5,3)
2026-05-21 02:00:34	 24278	 1282	960	128	 29.18	 -1	-1 	 46	 51	 32	(5,3)
2026-05-21 02:00:35	 24313	 1254	1070	128	 134.65	 -4	6 	 46	 51	 32	(5,4)
2026-05-21 02:00:36	 24348	 1074	1225	128	 169.80	 -8	3 	 46	 51	 32	(4,4)
2026-05-21 02:00:37	 24383	 797	1294	128	 161.02	 -9	1 	 46	 51	 32	(3,5)
2026-05-21 02:00:38	 24418	 569	1423	128	 127.62	 -3	0 	 46	 61	 32	(2,5)
2026-05-21 02:00:39	 24453	 586	1411	128	 206.72	 3	-1 	 46	 61	 32	(2,5)
2026-05-21 02:00:40	 24488	 600	1291	128	 250.66	 -2	-8 	 46	 61	 32	(2,5)
2026-05-21 02:00:41	 24523	 515	1215	128	 155.74	 -6	2 	 46	 61	 32	(2,4)
2026-05-21 02:00:42	 24558	 262	1294	128	 155.74	 -8	2 	 46	 61	 32	(1,5)
2026-05-21 02:00:43	 24593	 32	1297	128	 255.94	 -3	-1 	 46	 61	 32	(0,5)
2026-05-21 02:00:44	 24628	 109	1173	136	 322.73	 5	-5 	 46	 61	 32	(0,4)
2026-05-21 02:00:45	 24663	 325	988	136	 299.88	 5	-7 	 46	 61	 32	(1,3)
2026-05-21 02:00:46	 24698	 396	726	136	 259.45	 -1	-9 	 46	 61	 32	(1,2)
2026-05-21 02:00:47	 24733	 327	446	136	 266.48	 -2	-9 	 46	 61	 32	(1,1)
2026-05-21 02:00:48	 24768	 279	323	136	 226.05	 -3	-3 	 46	 61	 32	(1,1)
2026-05-21 02:00:49	 24803	 257	298	136	 226.05	 -1	-1 	 46	 61	 31	(1,1)
2026-05-21 02:00:50	 24847	 147	183	136	 219.02	 -3	-3 	 46	 61	 31	(0,0)
2026-05-21 02:00:51	 24882	 154	185	136	 231.33	 4	3 	 46	 61	 31	(0,0)
2026-05-21 02:00:52	 24917	 240	317	136	 340.31	 4	-1 	 46	 61	 31	(0,1)
2026-05-21 02:00:53	 24952	 485	273	136	 4.92	 5	-1 	 46	 61	 30	(1,1)
2026-05-21 02:00:54	 24987	 566	277	136	 338.55	 -5	1 	 42	 63	 30	(2,1)
2026-05-21 02:00:55	 25022	 558	284	136	 350.86	 5	-2 	 42	 63	 29	(2,1)
2026-05-21 02:00:56	 25057	 725	275	128	 38.32	 0	0 	 42	 63	 29	(2,1)
2026-05-21 02:00:57	 25092	 898	289	128	 24.26	 7	1 	 42	 63	 29	(3,1)
2026-05-21 02:00:58	 25127	 1135	433	128	 50.62	 5	5 	 42	 63	 29	(4,1)
2026-05-21 02:00:59	 25162	 1339	608	128	 27.77	 3	2 	 42	 63	 29	(5,2)
2026-05-21 02:01:00	 25197	 1271	630	128	 277.03	 0	-2 	 42	 63	 29	(5,2)
2026-05-21 02:01:01	 25232	 1179	446	128	 215.51	 -6	-5 	 42	 63	 29	(4,1)
2026-05-21 02:01:02	 25267	 951	281	128	 203.20	 -8	-5 	 42	 63	 29	(3,1)
2026-05-21 02:01:03	 25302	 746	219	128	 120.59	 1	-4 	 42	 63	 29	(2,0)
2026-05-21 02:01:04	 25337	 782	363	114	 87.19	 0	6 	 42	 63	 29	(3,1)
2026-05-21 02:01:05	 25372	 797	477	8	 67.85	 1	6 	 42	 63	 29	(3,1)
2026-05-21 02:01:06	 25407	 773	606	8	 304.80	 -4	1 	 42	 63	 29	(3,2)
2026-05-21 02:01:07	 25442	 753	336	8	 274.92	 0	0 	 42	 63	 29	(3,1)
2026-05-21 02:01:09	 25508	 751	334	128	 220.43	 -5	-4 	 42	 63	 29	(3,1)
2026-05-21 02:01:10	 25543	 597	263	128	 180.00	 -8	-2 	 42	 63	 29	(2,1)
2026-05-21 02:01:11	 25578	 315	245	136	 195.82	 -9	-1 	 42	 63	 29	(1,0)
2026-05-21 02:01:12	 25613	 56	138	136	 232.73	 -5	-5 	 42	 63	 29	(0,0)
2026-05-21 02:01:13	 25648	 5	44	120	 276.68	 0	-7 	 42	 63	 29	(0,0)
2026-05-21 02:01:14	 25683	 18	-92	72	 334.69	 0	-2 	 42	 63	 29	(0,0)
2026-05-21 02:01:15	 25718	 167	-146	39	 357.54	 7	-2 	 42	 63	 29	(0,0)
2026-05-21 02:01:16	 25753	 436	-104	0	 1.05	 7	2 	 42	 63	 29	(1,0)
2026-05-21 02:01:17	 25788	 665	-107	0	 310.08	 1	-1 	 42	 63	 29	(2,0)
2026-05-21 02:01:18	 25823	 670	-81	0	 292.50	 -1	0 	 42	 63	 28	(2,0)
2026-05-21 02:01:19	 25864	 565	-43	0	 181.76	 -8	-1 	 42	 63	 27	(2,0)
2026-05-21 02:01:20	 25899	 208	-56	0	 308.32	 0	-9 	 42	 63	 27	(0,0)
2026-05-21 02:01:21	 25934	 335	-208	0	 11.60	 0	-1 	 42	 63	 27	(1,0)
2026-05-21 02:01:22	 25976	 366	-192	0	 48.52	 3	3 	 42	 63	 26	(1,0)
2026-05-21 02:01:23	 26011	 537	-71	0	 311.84	 1	0 	 42	 63	 26	(2,0)
2026-05-21 02:01:24	 26046	 627	-169	0	 278.44	 3	-7 	 42	 63	 26	(2,0)
2026-05-21 02:01:25	 26081	 659	-231	0	 273.16	 0	-1 	 42	 63	 25	(2,0)
2026-05-21 02:01:26	 26127	 752	-294	0	 334.69	 6	-4 	 42	 63	 25	(3,-1)
2026-05-21 02:01:27	 26162	 1022	-331	0	 13.36	 8	1 	 42	 63	 25	(4,-1)
2026-05-21 02:01:28	 26197	 1187	-172	0	 101.25	 1	7 	 42	 63	 25	(4,0)
2026-05-21 02:01:29	 26232	 1098	-17	0	 185.62	 -7	0 	 42	 63	 25	(4,0)
2026-05-21 02:01:33	 26343	 946	-32	0	 210.23	 -3	-2 	 42	 63	 25	(3,0)
2026-05-21 02:01:34	 26378	 859	-228	0	 257.70	 -1	-8 	 42	 63	 25	(3,0)
2026-05-21 02:01:35	 26413	 741	-475	-64	 192.66	 -4	-5 	 42	 63	 25	(2,-1)
2026-05-21 02:01:36	 26448	 600	-496	-64	 187.38	 -5	-1 	 42	 63	 25	(2,-1)
2026-05-21 02:01:37	 26483	 354	-525	-64	 180.35	 -9	-1 	 42	 63	 25	(1,-2)
2026-05-21 02:01:38	 26518	 72	-488	-56	 145.20	 -8	3 	 42	 63	 25	(0,-1)
2026-05-21 02:01:39	 26553	 -46	-403	-56	 122.34	 -2	2 	 42	 63	 25	(0,-1)
2026-05-21 02:01:40	 26588	 -23	-465	-56	 111.80	 -1	4 	 42	 63	 25	(0,-1)
2026-05-21 02:01:41	 26623	 -48	-432	-56	 62.58	 -1	-5 	 42	 63	 25	(0,-1)
2026-05-21 02:01:42	 26658	 172	-450	-56	 4.57	 14	2 	 42	 63	 25	(0,-1)
2026-05-21 02:01:43	 26693	 743	-402	-64	 2.81	 16	0 	 42	 63	 25	(2,-1)
2026-05-21 02:01:44	 26728	 1325	-372	-64	 9.84	 16	1 	 42	 63	 25	(5,-1)
2026-05-21 02:01:45	 26763	 1775	-109	-56	 76.64	 0	3 	 42	 63	 25	(7,0)
2026-05-21 02:01:46	 26798	 1726	81	-56	 125.86	 -4	6 	 43	 63	 25	(6,0)
2026-05-21 02:01:47	 26833	 1566	162	-56	 206.72	 -7	-2 	 43	100	 25	(6,0)
2026-05-21 02:01:48	 26868	 1462	24	-56	 305.16	 2	-7 	 43	100	 33	(5,0)
2026-05-21 02:01:49	 26903	 1672	-96	-56	 33.05	 6	0 	 46	100	 33	(6,0)
2026-05-21 02:01:50	 26938	 1699	-76	-56	 131.48	 -4	4 	 47	100	 33	(6,0)
2026-05-21 02:01:51	 26973	 1557	103	-56	 124.45	 0	-1 	 48	100	 33	(6,0)
2026-05-21 02:01:52	 27008	 1622	38	-56	 145.55	 -2	0 	 48	100	  3	(6,0)
2026-05-21 02:01:53	 27043	 1446	165	-56	 147.30	 -1	-1 	 48	100	  3	(5,0)
2026-05-21 02:01:54	 27080	 1520	146	-56	 84.02	 1	5 	 48	100	  3	(6,0)
2026-05-21 02:01:55	 27115	 1530	126	-56	 75.23	 -1	-7 	 48	100	  3	(6,0)
2026-05-21 02:01:56	 27150	 1440	-23	-56	 343.83	 -1	-2 	 48	100	  3	(5,0)
2026-05-21 02:01:57	 27185	 1617	-33	-56	 69.96	 3	0 	 49	100	  3	(6,0)
2026-05-21 02:01:58	 27220	 1622	8	-56	 50.62	 1	3 	 49	100	  3	(6,0)
2026-05-21 02:01:59	 27255	 1720	147	-56	 335.04	 -4	1 	 49	100	  3	(6,0)
2026-05-21 02:02:00	 27290	 1695	53	-56	 270.00	 1	-8 	 49	100	  3	(6,0)
2026-05-21 02:02:01	 27325	 1702	-3	-56	 146.95	 -5	1 	 49	100	  3	(6,0)
2026-05-21 02:02:02	 27360	 1527	171	-56	 101.25	 -3	5 	 49	100	  3	(6,0)
2026-05-21 02:02:03	 27404	 1533	114	-56	 101.25	 1	-7 	 49	100	  3	(6,0)
2026-05-21 02:02:04	 27439	 1551	23	-56	 101.25	 -1	0 	 49	100	  3	(6,0)
2026-05-21 02:02:05	 27474	 1548	39	-56	 101.25	 0	-2 	 35	 72	  2	(6,0)
2026-05-21 02:02:06	 27509	 1553	13	-56	 101.25	 0	-4 	 35	 72	  2	(6,0)
2026-05-21 02:02:07	 27544	 1564	-41	-56	 101.25	 0	-1 	 35	 72	200	(6,0)
2026-05-21 02:02:08	 27579	 1526	151	-56	 103.01	 -2	7 	 35	 72	200	(6,0)
2026-05-21 02:02:09	 27614	 1475	159	-56	 168.05	 -7	0 	 35	 72	200	(5,0)
2026-05-21 02:02:10	 27649	 1428	143	-56	 67.85	 -2	-4 	 35	 72	 33	(5,0)
2026-05-21 02:02:11	 27684	 1424	119	-56	 99.49	 0	4 	 35	 72	 33	(5,0)
2026-05-21 02:02:12	 27719	 1464	131	-56	 52.03	 1	0 	 35	 72	 33	(5,0)
2026-05-21 02:02:13	 27754	 1576	175	-56	 76.64	 2	0 	 35	 72	 33	(6,0)
2026-05-21 02:02:14	 27789	 1603	169	-56	 189.14	 5	0 	 35	 72	 33	(6,0)
2026-05-21 02:02:15	 27824	 1727	144	-56	 185.62	 0	-2 	 35	 72	 33	(6,0)
2026-05-21 02:02:16	 27859	 1669	150	-56	 257.70	 1	1 	 35	 72	 33	(6,0)
2026-05-21 02:02:17	 27894	 1685	-3	-56	 305.16	 2	-6 	 35	 72	 33	(6,0)
2026-05-21 02:02:18	 27929	 1768	-161	-56	 219.02	 -1	-1 	 35	 72	 33	(7,0)
2026-05-21 02:02:21	 28024	 1596	-318	-64	 211.99	 -12	-10 	 35	 72	 33	(6,-1)
2026-05-21 02:02:22	 28059	 1075	-358	-64	 176.84	 -9	-1 	 33	 64	 33	(4,-1)
2026-05-21 02:02:23	 28094	 737	-394	-64	 187.38	 -16	-2 	 32	 60	 33	(2,-1)
2026-05-21 02:02:24	 28129	 172	-467	-64	 187.38	 -17	-3 	 31	 56	 33	(0,-1)
2026-05-21 02:02:25	 28173	 -36	-444	-56	 59.06	 2	5 	 31	 56	 33	(0,-1)
2026-05-21 02:02:26	 28208	 34	-337	-56	 66.09	 0	0 	 31	 56	 33	(0,-1)
2026-05-21 02:02:30	 28347	 49	-264	120	 83.67	 0	4 	 31	 56	 33	(0,-1)
2026-05-21 02:02:31	 28382	 23	-119	72	 90.70	 -1	6 	 31	 56	 33	(0,0)
2026-05-21 02:02:32	 28417	 36	120	136	 87.19	 0	6 	 31	 56	 33	(0,0)
2026-05-21 02:02:33	 28452	 30	329	136	 95.98	 -1	6 	 31	 56	 33	(0,1)
2026-05-21 02:02:34	 28487	 24	361	136	 94.22	 -1	0 	 31	 56	 33	(0,1)
2026-05-21 02:02:35	 28522	 21	269	136	 88.95	 -1	-8 	 31	 56	 32	(0,1)
2026-05-21 02:02:36	 28557	 17	43	120	 88.95	 -1	-9 	 31	 56	 31	(0,0)
2026-05-21 02:02:37	 28592	 11	-206	48	 88.95	 -1	2 	 31	 56	 31	(0,0)
2026-05-21 02:02:38	 28627	 12	-93	72	 88.95	 0	0 	 31	 56	 31	(0,0)
2026-05-21 02:02:39	 28662	 14	24	120	 88.95	 -1	-3 	 31	 56	 30	(0,0)
2026-05-21 02:02:40	 28697	 12	-80	96	 81.91	 -1	-1 	 31	 56	 29	(0,0)
2026-05-21 02:02:41	 28732	 14	-50	96	 90.70	 0	1 	 31	 56	 29	(0,0)
2026-05-21 02:02:42	 28767	 9	9	120	 97.73	 -1	3 	 31	 56	 28	(0,0)
2026-05-21 02:02:43	 28802	 -25	201	136	 148.71	 -4	4 	 31	 56	 28	(0,0)
2026-05-21 02:02:44	 28837	 -227	362	136	 118.83	 -6	5 	 31	 56	 28	(0,1)
2026-05-21 02:02:45	 28872	 -419	572	136	 148.71	 -7	4 	 31	 56	 28	(-1,2)
2026-05-21 02:02:46	 28907	 -658	741	128	 101.25	 -5	6 	 31	 56	 28	(-2,2)
2026-05-21 02:02:47	 28942	 -717	991	128	 85.43	 0	7 	 31	 56	 28	(-2,3)
2026-05-21 02:02:48	 28977	 -613	1234	128	 25.66	 6	5 	 31	 56	 28	(-2,4)
2026-05-21 02:02:49	 29012	 -349	1272	136	 354.02	 8	-1 	 31	 56	 28	(-1,5)
2026-05-21 02:02:50	 29047	 -203	1249	136	 97.73	 0	-4 	 31	 66	 28	(0,4)
2026-05-21 02:02:52	 29106	 -442	1228	128	 238.36	 -12	-3 	 30	 64	 27	(-1,4)
2026-05-21 02:02:53	 29141	 -710	980	128	 287.58	 -5	-11 	 30	 64	 27	(-2,3)
2026-05-21 02:02:54	 29176	 -570	624	128	 3.16	 4	0 	 30	 64	 27	(-2,2)
2026-05-21 02:02:55	 29218	 -246	732	136	 352.62	 -4	0 	 30	 64	 27	(0,2)
2026-05-21 02:02:56	 29253	 -295	729	136	 336.80	 5	-3 	 30	 64	 27	(-1,2)
2026-05-21 02:02:57	 29288	 -112	714	144	 45.35	 3	2 	 30	 65	 27	(0,2)
2026-05-21 02:02:58	 29323	 109	816	144	 331.52	 7	-1 	 30	 66	 27	(0,3)
2026-05-21 02:02:59	 29358	 224	637	144	 215.51	 -4	-7 	 30	 66	 27	(0,2)
2026-05-21 02:03:00	 29393	 188	566	144	 143.44	 -2	1 	 30	 66	 27	(0,2)
2026-05-21 02:03:01	 29428	 90	560	144	 175.08	 -2	-1 	 30	 66	 27	(0,2)
2026-05-21 02:03:02	 29463	 142	565	144	 108.28	 -2	5 	 30	 66	200	(0,2)
2026-05-21 02:03:03	 29498	 -6	755	144	 204.96	 -8	0 	 30	 68	200	(0,3)
2026-05-21 02:03:04	 29557	 -184	694	144	 206.72	 1	0 	 30	 68	200	(0,2)
2026-05-21 02:03:05	 29592	 -50	786	144	 292.85	 1	1 	 30	 68	200	(0,3)
2026-05-21 02:03:06	 29627	 11	769	144	 329.77	 5	-4 	 30	 68	200	(0,3)
2026-05-21 02:03:07	 29662	 247	672	144	 359.65	 0	-2 	 30	 68	200	(0,2)
2026-05-21 02:03:08	 29697	 172	616	144	 71.72	 -5	-6 	 30	 68	200	(0,2)
2026-05-21 02:03:09	 29732	 137	489	144	 119.18	 0	-2 	 30	 68	200	(0,1)
2026-05-21 02:03:12	 29822	 124	478	144	 106.88	 -1	2 	 30	 68	188	(0,1)
2026-05-21 02:03:13	 29857	 69	699	144	 98.09	 -2	8 	 30	 68	188	(0,2)
2026-05-21 02:03:16	 29946	 12	862	144	 236.95	 -4	-5 	 30	 68	188	(0,3)
2026-05-21 02:03:17	 29981	 -177	688	144	 200.04	 -8	-4 	 30	 68	188	(0,2)
2026-05-21 02:03:18	 30016	 -181	675	144	 286.17	 0	1 	 30	 68	188	(0,2)
2026-05-21 02:03:19	 30051	 -127	638	144	 17.58	 0	-1 	 30	 68	188	(0,2)
2026-05-21 02:03:20	 30086	 -6	698	144	 40.43	 6	4 	 30	 68	188	(0,2)
2026-05-21 02:03:21	 30121	 68	790	144	 5.27	 -3	-1 	 30	 68	188	(0,3)
2026-05-21 02:03:22	 30156	 119	793	144	 5.27	 5	0 	 30	 68	188	(0,3)
2026-05-21 02:03:23	 30191	 201	769	144	 310.78	 3	-5 	 30	 68	188	(0,3)
2026-05-21 02:03:24	 30226	 323	613	136	 310.78	 5	-7 	 30	 68	188	(1,2)
2026-05-21 02:03:25	 30261	 470	371	136	 314.30	 5	-7 	 30	 68	188	(1,1)
2026-05-21 02:03:26	 30296	 710	249	128	 19.34	 8	0 	 30	 68	193	(2,0)
2026-05-21 02:03:27	 30331	 906	301	128	 19.34	 7	1 	 30	 68	193	(3,1)
2026-05-21 02:03:28	 30366	 1108	422	128	 43.95	 5	5 	 30	 68	198	(4,1)
2026-05-21 02:03:29	 30401	 1214	541	128	 0.00	 -5	-1 	 30	 68	198	(4,2)
2026-05-21 02:03:30	 30436	 1148	496	128	 236.95	 -2	-5 	 30	 68	198	(4,1)
2026-05-21 02:03:31	 30471	 859	257	128	 164.88	 -13	-4 	 30	 68	198	(3,1)
2026-05-21 02:03:32	 30506	 325	305	136	 171.91	 -17	2 	 30	 68	198	(1,1)
2026-05-21 02:03:33	 30541	 98	337	136	 171.91	 -6	0 	 30	 68	192	(0,1)
2026-05-21 02:03:34	 30576	 -159	374	136	 166.64	 -9	1 	 30	 68	192	(0,1)
2026-05-21 02:03:35	 30611	 -339	543	136	 80.51	 -1	7 	 30	 68	197	(-1,2)
2026-05-21 02:03:36	 30646	 -276	817	136	 66.45	 2	7 	 30	 68	197	(-1,3)
2026-05-21 02:03:37	 30681	 -96	1031	136	 40.08	 6	4 	 30	 68	197	(0,4)
2026-05-21 02:03:38	 30716	 66	1263	128	 43.59	 4	7 	 30	 68	197	(0,5)
2026-05-21 02:03:39	 30751	 252	1360	128	 340.31	 5	-2 	 30	 68	197	(1,5)
2026-05-21 02:03:40	 30786	 261	1367	128	 217.27	 -1	0 	 30	 68	197	(1,5)
2026-05-21 02:03:41	 30821	 82	1279	128	 215.51	 -7	-5 	 30	 68	197	(0,5)
2026-05-21 02:03:42	 30856	 -156	1015	136	 224.30	 -11	-11 	 30	 68	197	(0,4)
2026-05-21 02:03:43	 30891	 -505	683	136	 180.35	 -9	-5 	 30	 68	197	(-2,2)
2026-05-21 02:03:44	 30926	 -718	761	128	 88.95	 -2	7 	 30	 68	197	(-2,3)
2026-05-21 02:03:45	 30961	 -688	968	128	 62.58	 0	2 	 30	 68	197	(-2,3)
2026-05-21 02:03:46	 30996	 -681	990	128	 37.97	 0	0 	 30	 68	189	(-2,3)
2026-05-21 02:03:49	 31107	 -533	1121	128	 41.48	 6	5 	 30	 68	171	(-2,4)
2026-05-21 02:03:50	 31142	 -335	1282	136	 30.94	 2	1 	 30	 68	171	(-1,5)
2026-05-21 02:03:51	 31177	 -288	1329	136	 78.40	 0	0 	 30	 68	171	(-1,5)
2026-05-21 02:03:52	 31212	 -318	1451	136	 136.41	 -4	4 	 30	 68	171	(-1,5)
2026-05-21 02:03:53	 31247	 -423	1583	136	 164.53	 -5	0 	 30	 68	171	(-1,6)
2026-05-21 02:03:54	 31282	 -560	1717	136	 71.37	 0	5 	 30	 68	171	(-2,6)
2026-05-21 02:03:55	 31317	 -559	1773	136	 22.15	 0	0 	 30	 68	168	(-2,7)
2026-05-21 02:03:58	 31448	 -440	1766	144	 357.54	 7	-1 	 30	 68	141	(-1,7)
2026-05-21 02:03:59	 31483	 -170	1828	144	 36.21	 7	3 	 30	 68	146	(0,7)
2026-05-21 02:04:00	 31518	 -49	1952	136	 159.26	 0	-2 	 30	 68	146	(0,7)
2026-05-21 02:04:01	 31553	 -141	1880	144	 231.33	 -5	-4 	 30	 68	146	(0,7)
2026-05-21 02:04:02	 31588	 -239	1750	144	 245.39	 -4	-7 	 30	 68	146	(0,7)
2026-05-21 02:04:03	 31623	 -262	1488	136	 349.10	 5	-6 	 30	 93	146	(-1,5)
2026-05-21 02:04:04	 31658	 -73	1546	136	 112.15	 0	6 	 30	 93	146	(0,6)
2026-05-21 02:04:05	 31693	 -161	1798	144	 156.09	 -6	5 	 30	 93	146	(0,7)
2026-05-21 02:04:06	 31728	 -422	1886	144	 182.46	 -9	0 	 30	 93	146	(-1,7)
2026-05-21 02:04:08	 31768	 -532	1890	136	 182.46	 1	0 	 30	 93	146	(-2,7)
2026-05-21 02:04:09	 31803	 -653	1885	128	 182.46	 -8	-1 	 30	 93	146	(-2,7)
2026-05-21 02:04:10	 31838	 -939	1872	192	 182.46	 -9	-1 	 30	 93	146	(-3,7)
2026-05-21 02:04:11	 31873	 -938	1872	192	 182.46	 7	0 	 30	 93	146	(-3,7)
2026-05-21 02:04:12	 31908	 -616	1912	128	 272.11	 7	4 	 30	 93	146	(-2,7)
2026-05-21 02:04:13	 31943	 -533	1916	136	 210.59	 -3	-2 	 30	 93	146	(-2,7)
2026-05-21 02:04:14	 31978	 -690	1743	128	 245.74	 -4	-8 	 30	 93	146	(-2,6)
2026-05-21 02:04:15	 32013	 -731	1653	128	 171.91	 -1	-1 	 30	 93	146	(-2,6)
2026-05-21 02:04:16	 32051	 -814	1652	128	 205.31	 -7	-2 	 30	 93	146	(-3,6)
2026-05-21 02:04:17	 32086	 -946	1616	128	 235.20	 -1	0 	 30	 93	146	(-3,6)
2026-05-21 02:04:18	 32121	 -1011	1647	128	 142.03	 -6	3 	 30	 93	146	(-4,6)
2026-05-21 02:04:19	 32156	 -1131	1872	128	 91.05	 -1	8 	 30	 93	146	(-4,7)
2026-05-21 02:04:20	 32191	 -1087	2082	128	 335.04	 -3	2 	 30	 93	146	(-4,8)
2026-05-21 02:04:21	 32226	 -1141	2036	128	 271.76	 0	-8 	 30	 93	146	(-4,8)
2026-05-21 02:04:22	 32261	 -1086	1766	128	 296.37	 2	-8 	 30	 93	146	(-4,7)
2026-05-21 02:04:23	 32296	 -1021	1608	136	 280.55	 0	-2 	 30	 93	146	(-4,6)
2026-05-21 02:04:24	 32336	 -1030	1682	128	 268.24	 -1	1 	 30	 93	146	(-4,6)
2026-05-21 02:04:25	 32371	 -1076	1810	128	 308.67	 -5	4 	 30	 93	146	(-4,7)
2026-05-21 02:04:26	 32406	 -1200	1946	128	 357.89	 0	0 	 30	 93	146	(-4,7)
2026-05-21 02:04:27	 32441	 -1034	2041	128	 20.74	 7	3 	 30	 93	146	(-4,8)
2026-05-21 02:04:28	 32476	 -763	2134	128	 340.31	 8	0 	 30	 93	146	(-3,8)
2026-05-21 02:04:29	 32511	 -640	2003	128	 236.60	 -3	-7 	 30	 93	146	(-2,8)
2026-05-21 02:04:30	 32546	 -937	1885	192	 180.35	 -16	-1 	 30	 93	146	(-3,7)
2026-05-21 02:04:31	 32581	 -1200	1873	128	 213.75	 0	-1 	 30	 93	146	(-4,7)
2026-05-21 02:04:32	 32616	 -1165	1766	128	 336.80	 4	-6 	 30	 93	146	(-4,7)
2026-05-21 02:04:33	 32651	 -913	1723	128	 13.71	 8	1 	 30	 93	146	(-3,6)
2026-05-21 02:04:34	 32686	 -661	1790	128	 68.20	 3	3 	 30	 93	146	(-2,7)
2026-05-21 02:04:35	 32721	 -617	1878	128	 324.49	 0	-2 	 30	 93	146	(-2,7)
2026-05-21 02:04:36	 32756	 -470	1813	136	 313.95	 6	-4 	 30	 93	146	(-1,7)
2026-05-21 02:04:37	 32791	 -308	1601	144	 284.06	 2	-8 	 30	 93	146	(-1,6)
2026-05-21 02:04:38	 32826	 -273	1313	136	 224.30	 -3	-8 	 30	 93	146	(-1,5)
2026-05-21 02:04:39	 32861	 -469	1248	128	 138.16	 -8	2 	 30	 93	146	(-1,4)
2026-05-21 02:04:40	 32896	 -603	1332	128	 138.16	 -3	2 	 30	 93	146	(-2,5)
2026-05-21 02:04:41	 32931	 -686	1425	128	 210.23	 0	0 	 30	 93	146	(-2,5)
2026-05-21 02:04:42	 32966	 -790	1365	136	 226.05	 -3	-2 	 30	 93	146	(-3,5)
2026-05-21 02:04:43	 33001	 -793	1256	134	 282.30	 1	-7 	 30	 93	146	(-3,5)
2026-05-21 02:04:44	 33036	 -720	1067	128	 26.02	 0	-2 	 30	 93	146	(-2,4)
2026-05-21 02:04:45	 33091	 -720	1058	128	 154.34	 -3	1 	 30	 93	146	(-2,4)
2026-05-21 02:04:46	 33126	 -780	1095	128	 170.16	 4	-1 	 30	 93	146	(-3,4)
2026-05-21 02:04:47	 33161	 -816	1059	128	 193.01	 -7	-2 	 30	 93	146	(-3,4)
2026-05-21 02:04:48	 33196	 -914	1040	112	 171.91	 -1	0 	 30	 93	146	(-3,4)
2026-05-21 02:04:51	 33287	 -802	1094	128	 329.77	 7	0 	 30	 93	146	(-3,4)
2026-05-21 02:04:52	 33322	 -625	949	128	 261.21	 -1	-5 	 30	 93	146	(-2,3)
2026-05-21 02:04:53	 33357	 -648	696	128	 264.73	 -1	-9 	 30	 93	146	(-2,2)
2026-05-21 02:04:54	 33392	 -685	409	128	 254.18	 -2	-9 	 30	 93	146	(-2,1)
2026-05-21 02:04:55	 33427	 -697	220	128	 328.01	 0	-2 	 30	 93	145	(-2,0)
2026-05-21 02:04:56	 33466	 -691	201	128	 287.58	 1	-4 	 30	 93	136	(-2,0)
2026-05-21 02:04:57	 33501	 -716	-32	128	 257.70	 -2	-8 	 30	 93	136	(-2,0)
2026-05-21 02:04:58	 33536	 -749	-263	128	 294.61	 1	-8 	 30	 93	136	(-2,-1)
2026-05-21 02:04:59	 33571	 -629	-432	128	 10.20	 7	-1 	 30	 93	136	(-2,-1)
2026-05-21 02:05:00	 33606	 -538	-439	128	 57.66	 0	-1 	 30	 93	128	(-2,-1)
2026-05-21 02:05:01	 33641	 -458	-297	144	 69.96	 4	6 	 30	 93	128	(-1,-1)
2026-05-21 02:05:02	 33676	 -458	-93	176	 115.66	 -3	4 	 30	 93	128	(-1,0)
2026-05-21 02:05:03	 33711	 -447	-22	192	 34.80	 0	0 	 30	100	128	(-1,0)
2026-05-21 02:05:04	 33746	 -373	-34	192	 34.80	 -1	-2 	 23	 86	138	(-1,0)
2026-05-21 02:05:05	 33781	 -401	-40	192	 135.00	 0	0 	 23	 86	138	(-1,0)
2026-05-21 02:05:07	 33853	 -487	-30	192	 170.16	 -6	0 	 23	 86	132	(-1,0)
2026-05-21 02:05:08	 33888	 -618	68	128	 152.58	 -4	4 	 23	 86	132	(-2,0)
2026-05-21 02:05:09	 33923	 -677	95	128	 231.68	 -4	-4 	 23	 86	132	(-2,0)
2026-05-21 02:05:10	 33958	 -761	-131	128	 275.62	 0	-8 	 23	 86	132	(-3,0)
2026-05-21 02:05:11	 33993	 -793	-318	128	 203.55	 -1	-2 	 23	 86	132	(-3,-1)
2026-05-21 02:05:16	 34156	 -755	-320	128	 168.40	 -5	0 	 23	 86	112	(-3,-1)
2026-05-21 02:05:17	 34191	 -920	-286	128	 175.43	 -2	0 	 23	 86	112	(-3,-1)
2026-05-21 02:05:19	 34266	 -926	-281	128	 207.07	 2	1 	 23	 86	 98	(-3,-1)
2026-05-21 02:05:21	 34337	 -884	-301	128	 156.09	 -3	-6 	 23	 86	 94	(-3,-1)
2026-05-21 02:05:22	 34372	 -937	-314	128	 136.76	 -5	3 	 23	 86	 94	(-3,-1)
2026-05-21 02:05:23	 34407	 -997	-258	128	 136.76	 -1	0 	 23	 86	 91	(-3,-1)
2026-05-21 02:05:24	 34445	 -960	-290	128	 131.48	 1	-2 	 23	 86	 81	(-3,-1)
2026-05-21 02:05:25	 34480	 -918	-334	128	 131.48	 1	-3 	 23	 86	 80	(-3,-1)
2026-05-21 02:05:26	 34515	 -898	-319	128	 161.37	 0	0 	 17	 74	 80	(-3,-1)
2026-05-21 02:05:30	 34647	 -967	-309	128	 168.40	 -7	0 	 17	 74	 47	(-3,-1)
2026-05-21 02:05:31	 34682	 -1086	-278	128	 108.63	 -1	0 	 17	 74	 49	(-4,-1)
2026-05-21 02:05:32	 34717	 -1046	-178	128	 45.35	 2	4 	 17	 74	 49	(-4,0)
2026-05-21 02:05:33	 34752	 -899	-126	128	 62.93	 5	3 	 17	 74	 49	(-3,0)
2026-05-21 02:05:34	 34787	 -885	68	128	 110.39	 -3	6 	 17	 74	 49	(-3,0)
2026-05-21 02:05:35	 34822	 -945	270	128	 73.48	 0	4 	 17	 74	 49	(-3,1)
2026-05-21 02:05:36	 34857	 -927	465	128	 92.81	 -1	6 	 17	 74	 49	(-3,1)
2026-05-21 02:05:37	 34892	 -868	552	128	 357.89	 6	1 	 17	 85	 49	(-3,2)
2026-05-21 02:05:38	 34927	 -845	534	128	 248.91	 -2	-4 	 17	 85	 49	(-3,2)
2026-05-21 02:05:39	 34962	 -914	298	128	 257.70	 -2	-8 	 17	 86	 49	(-3,1)
2026-05-21 02:05:40	 34997	 -923	12	128	 278.79	 1	-9 	 17	 86	 49	(-3,0)
2026-05-21 02:05:41	 35032	 -929	-156	128	 206.72	 -5	-4 	 17	 86	 49	(-3,0)
2026-05-21 02:05:42	 35067	 -1074	-213	128	 273.52	 -3	-3 	 17	 86	 49	(-4,0)
2026-05-21 02:05:43	 35102	 -1063	-379	128	 292.85	 1	-5 	 17	 86	 49	(-4,-1)
2026-05-21 02:05:44	 35137	 -943	-459	112	 347.34	 7	-2 	 17	 86	 49	(-3,-1)
2026-05-21 02:05:45	 35172	 -846	-537	112	 231.33	 -2	-6 	 17	 86	 49	(-3,-2)
2026-05-21 02:05:46	 35207	 -871	-563	112	 120.59	 -4	4 	 17	 87	 49	(-3,-2)
2026-05-21 02:05:47	 35242	 -925	-433	112	 171.56	 -4	0 	 17	 87	 49	(-3,-1)
2026-05-21 02:05:48	 35277	 -1079	-400	128	 122.34	 -2	0 	 17	 87	 49	(-4,-1)
2026-05-21 02:05:49	 35312	 -1104	-427	128	 162.77	 -1	0 	 17	 87	 49	(-4,-1)
2026-05-21 02:05:50	 35347	 -1185	-321	104	 115.31	 -2	0 	 17	 87	 49	(-4,-1)
2026-05-21 02:05:51	 35382	 -1251	-261	104	 204.96	 3	1 	 17	 87	 49	(-5,-1)
2026-05-21 02:05:52	 35417	 -1200	-339	104	 270.00	 0	-6 	 17	 87	 49	(-4,-1)
2026-05-21 02:05:53	 35452	 -1297	-472	104	 189.14	 -8	-3 	 17	 87	 49	(-5,-1)
2026-05-21 02:05:54	 35487	 -1456	-438	128	 71.37	 0	1 	 17	 87	 49	(-5,-1)
2026-05-21 02:05:55	 35522	 -1395	-318	128	 73.12	 0	1 	 17	 87	 48	(-5,-1)
2026-05-21 02:05:56	 35562	 -1387	-305	128	 90.70	 0	-1 	 14	 81	 47	(-5,-1)
2026-05-21 02:05:57	 35597	 -1388	-259	128	 90.70	 -1	6 	 14	 81	 47	(-5,-1)
2026-05-21 02:05:58	 35640	 -1334	-152	128	 357.54	 6	-1 	 14	 81	 47	(-5,0)
2026-05-21 02:05:59	 35675	 -1211	-120	128	 103.01	 -1	5 	 14	 81	 47	(-4,0)
2026-05-21 02:06:00	 35710	 -1261	-55	128	 194.41	 -6	-2 	 14	 82	 47	(-5,0)
2026-05-21 02:06:01	 35745	 -1405	-73	128	 78.40	 -1	-1 	 14	 82	 47	(-5,0)
2026-05-21 02:06:02	 35780	 -1333	23	128	 29.18	 5	4 	 14	 82	 47	(-5,0)
2026-05-21 02:06:03	 35815	 -1300	46	128	 46.76	 2	2 	 14	 82	 47	(-5,0)
2026-05-21 02:06:04	 35850	 -1198	175	104	 95.98	 0	0 	 14	 82	 47	(-4,0)
2026-05-21 02:06:05	 35885	 -1264	222	128	 101.25	 -1	2 	 14	 82	 47	(-5,0)
2026-05-21 02:06:06	 35920	 -1301	403	128	 190.90	 -9	1 	 14	 82	 47	(-5,1)
2026-05-21 02:06:07	 35955	 -1350	415	128	 185.62	 -4	-1 	 14	 82	 46	(-5,1)
2026-05-21 02:06:08	 35990	 -1379	446	128	 88.95	 0	5 	 14	 83	 46	(-5,1)
2026-05-21 02:06:09	 36029	 -1403	448	128	 334.69	 4	-3 	 14	 83	 46	(-5,1)
2026-05-21 02:06:10	 36064	 -1233	323	128	 253.83	 0	-2 	 14	 83	 46	(-4,1)
2026-05-21 02:06:11	 36099	 -1264	227	128	 241.52	 -1	-6 	 14	 83	 46	(-5,0)
2026-05-21 02:06:12	 36134	 -1264	92	128	 167.70	 0	-1 	 14	 83	 46	(-5,0)
2026-05-21 02:06:14	 36185	 -1228	27	128	 120.23	 2	-4 	 14	 83	 46	(-4,0)
2026-05-21 02:06:15	 36220	 -1224	37	128	 113.20	 -2	4 	 14	 83	 45	(-4,0)
2026-05-21 02:06:16	 36255	 -1333	159	128	 185.27	 -7	0 	 14	 83	 45	(-5,0)
2026-05-21 02:06:17	 36290	 -1419	191	128	 74.53	 1	5 	 14	 83	 45	(-5,0)
2026-05-21 02:06:18	 36325	 -1384	303	128	 246.45	 0	0 	 14	 84	 45	(-5,1)
2026-05-21 02:06:19	 36360	 -1441	147	128	 315.00	 3	-5 	 14	 84	 45	(-5,0)
2026-05-21 02:06:20	 36395	 -1270	144	128	 11.25	 6	0 	 14	 84	 45	(-5,0)
2026-05-21 02:06:21	 36430	 -1181	147	104	 127.27	 -2	2 	 14	 84	 45	(-4,0)
2026-05-21 02:06:22	 36465	 -1264	223	128	 97.38	 -1	3 	 14	 84	 45	(-5,0)
2026-05-21 02:06:23	 36500	 -1246	360	128	 162.42	 4	-2 	 14	 84	 45	(-4,1)
2026-05-21 02:06:24	 36535	 -1242	306	128	 285.47	 -1	-6 	 14	 84	 45	(-4,1)
2026-05-21 02:06:25	 36570	 -1233	222	128	 292.50	 0	-4 	 14	 84	 45	(-4,0)
2026-05-21 02:06:26	 36605	 -1215	109	128	 36.21	 4	1 	 14	 84	 45	(-4,0)
2026-05-21 02:06:27	 36640	 -1158	175	104	 34.45	 4	0 	 14	 84	 45	(-4,0)
2026-05-21 02:06:28	 36675	 -1081	299	104	 99.49	 -2	6 	 14	 84	 45	(-4,1)
2026-05-21 02:06:29	 36710	 -1125	571	128	 99.49	 -2	8 	 14	 84	 45	(-4,2)
2026-05-21 02:06:30	 36745	 -1111	689	128	 29.18	 4	4 	 14	 84	 45	(-4,2)
2026-05-21 02:06:31	 36780	 -931	754	128	 52.03	 6	3 	 14	 84	 49	(-3,3)
2026-05-21 02:06:32	 36815	 -868	929	112	 53.79	 3	7 	 11	 79	 49	(-3,3)
2026-05-21 02:06:33	 36850	 -795	975	112	 227.46	 0	0 	 11	 79	 49	(-3,3)
2026-05-21 02:06:38	 37040	 -846	912	112	 236.25	 -4	-1 	 11	 80	 45	(-3,3)
2026-05-21 02:06:39	 37075	 -907	824	112	 172.97	 -1	-1 	 11	 80	 45	(-3,3)
2026-05-21 02:06:40	 37112	 -942	847	112	 137.81	 -3	0 	 11	 80	 45	(-3,3)
2026-05-21 02:06:41	 37147	 -1008	870	112	 194.06	 0	0 	 11	 80	 45	(-4,3)
2026-05-21 02:06:43	 37208	 -1001	759	128	 292.50	 1	-13 	 11	 80	 44	(-4,3)
2026-05-21 02:06:44	 37243	 -859	719	128	 136.41	 0	0 	 11	 80	 44	(-3,2)
2026-05-21 02:06:45	 37278	 -929	719	128	 143.44	 -4	0 	 11	 80	 44	(-3,2)
2026-05-21 02:06:46	 37313	 -965	733	128	 110.04	 -2	3 	 11	 80	 43	(-3,2)
2026-05-21 02:06:47	 37348	 -1069	941	112	 180.35	 -7	3 	 11	 80	 43	(-4,3)
2026-05-21 02:06:48	 37383	 -1343	965	96	 192.66	 -9	-2 	 11	 80	 43	(-5,3)
2026-05-21 02:06:49	 37418	 -1399	897	96	 73.12	 1	0 	 11	 80	 43	(-5,3)
2026-05-21 02:06:50	 37453	 -1327	1103	96	 69.61	 2	7 	100	 80	 43	(-5,4)
2026-05-21 02:06:51	 37488	 -1244	1308	96	 134.65	 -1	1 	100	100	 43	(-4,5)
2026-05-21 02:06:52	 37523	 -1365	1358	96	 257.70	 -2	0 	100	102	 43	(-5,5)
2026-05-21 02:06:53	 37558	 -1358	1184	96	 238.36	 0	-3 	100	104	 43	(-5,4)
2026-05-21 02:06:54	 37593	 -1355	1155	96	 115.31	 -1	0 	100	104	 43	(-5,4)
2026-05-21 02:06:55	 37628	 -1419	1496	112	 46.76	 1	8 	100	104	 43	(-5,5)
2026-05-21 02:06:56	 37663	 -1180	1519	128	 4.57	 7	0 	100	104	 43	(-4,6)
2026-05-21 02:06:57	 37698	 -1073	1527	136	 53.79	 2	0 	100	104	 43	(-4,6)
2026-05-21 02:06:58	 37733	 -1032	1480	136	 83.67	 -1	-2 	100	104	 43	(-4,5)
2026-05-21 02:06:59	 37768	 -1028	1534	136	 69.61	 1	5 	100	104	 43	(-4,6)
2026-05-21 02:07:00	 37809	 -1022	1555	136	 69.61	 2	6 	100	104	 43	(-4,6)
2026-05-21 02:07:01	 37844	 -841	1725	128	 8.09	 7	1 	100	104	 43	(-3,6)
2026-05-21 02:07:02	 37879	 -625	1807	128	 88.95	 0	0 	100	104	 43	(-2,7)
2026-05-21 02:07:03	 37914	 -726	1887	144	 194.41	 -8	-1 	100	104	 43	(-2,7)
2026-05-21 02:07:04	 37949	 -1114	1869	192	 176.84	 -16	0 	100	104	 43	(-4,7)
2026-05-21 02:07:05	 37984	 -1388	1878	192	 231.33	 -2	0 	100	106	 43	(-5,7)
2026-05-21 02:07:06	 38019	 -1399	1932	192	 180.35	 -1	1 	100	107	 43	(-5,7)
2026-05-21 02:07:07	 38054	 -1416	1898	192	 171.56	 0	-1 	100	107	 43	(-5,7)
2026-05-21 02:07:08	 38089	 -1513	1885	192	 178.59	 -8	-1 	100	107	 43	(-6,7)
2026-05-21 02:07:26	 38641	 -273	-536	0	 186.68	 -2	1 	100	107	 43	(-1,-2)
2026-05-21 02:07:27	 38676	 -270	-546	0	 258.75	 -1	-6 	100	107	 43	(-1,-2)
2026-05-21 02:07:28	 38711	 -299	-688	0	 135.70	 3	0 	100	107	 47	(-1,-2)
2026-05-21 02:07:29	 38746	 -233	-656	0	 40.78	 4	4 	100	107	 47	(0,-2)
2026-05-21 02:07:30	 38781	 -88	-601	0	 30.23	 0	-2 	100	107	 50	(0,-2)
2026-05-21 02:07:31	 38832	 -90	-616	0	 209.53	 -3	-2 	100	107	 50	(0,-2)
2026-05-21 02:07:32	 38867	 -231	-688	0	 162.07	 -2	0 	100	107	 50	(0,-2)
2026-05-21 02:07:33	 38902	 -219	-478	0	 104.06	 1	14 	100	107	 50	(0,-1)
2026-05-21 02:07:34	 38937	 -425	-178	0	 60.12	 1	3 	100	103	 50	(-1,0)
2026-05-21 02:07:35	 38972	 -406	-143	0	 26.72	 0	0 	100	103	 49	(-1,0)
2026-05-21 02:07:37	 39027	 -391	-137	0	 17.93	 0	0 	100	103	 49	(-1,0)
2026-05-21 02:07:39	 39083	 -362	-125	0	 17.93	 0	0 	100	103	 49	(-1,0)
2026-05-21 02:07:41	 39177	 -371	-127	0	 19.69	 -1	-1 	 97	 97	 47	(-1,0)
2026-05-21 02:07:52	 39551	 -396	-128	0	 348.05	 -1	-1 	 91	 83	 39	(-1,0)
2026-05-21 02:07:54	 39615	 -286	-165	0	 344.53	 6	-3 	 91	 83	 38	(-1,0)
2026-05-21 02:07:55	 39650	 -197	-176	0	 86.48	 0	4 	 91	 93	 38	(0,0)
2026-05-21 02:07:56	 39685	 -199	-33	0	 21.45	 0	0 	 91	 93	 42	(0,0)
2026-05-21 02:07:57	 39720	 1	-10	0	 21.45	 5	0 	 91	 93	 42	(0,0)
2026-05-21 02:07:58	 39755	 41	47	0	 109.34	 -2	6 	 91	 93	 42	(0,0)
2026-05-21 02:07:59	 39790	 -55	289	0	 86.48	 -2	3 	 91	 93	 42	(0,1)
2026-05-21 02:08:00	 39825	 -79	247	0	 86.48	 0	4 	 91	 93	 42	(0,0)
2026-05-21 02:08:01	 39860	 -74	369	0	 93.52	 0	0 	 91	 93	 41	(0,1)
2026-05-21 02:08:02	 39895	 -32	245	0	 130.43	 1	-3 	 86	 83	 41	(0,0)
2026-05-21 02:08:03	 39930	 47	141	0	 123.40	 -1	0 	 86	 83	 41	(0,0)
2026-05-21 02:08:04	 39965	 12	200	0	 114.61	 -3	4 	 86	 83	 40	(0,0)
2026-05-21 02:08:05	 40000	 -99	303	0	 174.38	 -2	0 	 86	 83	 40	(0,1)
2026-05-21 02:08:06	 40035	 -74	256	0	 285.12	 0	-7 	 86	 83	 40	(0,1)
2026-05-21 02:08:07	 40070	 30	87	0	 0.70	 6	-2 	 86	 83	 40	(0,0)
2026-05-21 02:08:08	 40105	 297	108	0	 13.01	 8	1 	 86	 83	 40	(1,0)
2026-05-21 02:08:09	 40140	 582	164	0	 5.98	 8	1 	 86	 83	 44	(2,0)
2026-05-21 02:08:10	 40175	 833	207	0	 67.50	 0	0 	 86	 83	 44	(3,0)
2026-05-21 02:08:11	 40212	 867	233	0	 65.74	 2	4 	 86	 83	 44	(3,0)
2026-05-21 02:08:12	 40247	 905	431	0	 160.66	 -1	0 	 86	 84	 48	(3,1)
2026-05-21 02:08:14	 40308	 875	293	0	 260.86	 -2	-8 	 86	 84	 50	(3,1)
2026-05-21 02:08:15	 40343	 821	162	0	 183.52	 -3	-2 	 86	 84	 50	(3,0)
2026-05-21 02:08:16	 40378	 750	148	0	 178.24	 -1	-1 	 86	 84	 49	(3,0)
2026-05-21 02:08:18	 40447	 664	150	0	 178.24	 -8	0 	 86	 84	 48	(2,0)
2026-05-21 02:08:19	 40482	 388	133	0	 197.58	 -9	-2 	 86	 84	 48	(1,0)
2026-05-21 02:08:20	 40517	 141	69	0	 132.54	 -3	-1 	 86	 84	 48	(0,0)
2026-05-21 02:08:21	 40552	 134	144	0	 81.56	 1	6 	 86	 84	 48	(0,0)
2026-05-21 02:08:22	 40587	 171	363	48	 74.53	 0	1 	 86	 84	 47	(0,1)
2026-05-21 02:08:23	 40622	 207	400	56	 49.92	 0	1 	 86	 84	 47	(0,1)
2026-05-21 02:08:24	 40657	 232	463	56	 46.41	 3	3 	 86	 84	 47	(0,1)
2026-05-21 02:08:25	 40692	 367	651	56	 99.14	 0	1 	 86	 84	 50	(1,2)
2026-05-21 02:08:26	 40727	 281	716	56	 181.76	 -3	1 	 86	 84	 50	(1,2)
2026-05-21 02:08:27	 40762	 208	735	56	 172.97	 -1	0 	 86	 84	 50	(0,2)
2026-05-21 02:08:28	 40797	 96	708	56	 253.83	 0	-1 	 86	100	 50	(0,2)
2026-05-21 02:08:29	 40832	 96	588	56	 195.82	 0	-2 	 86	100	 50	(0,2)
2026-05-21 02:08:30	 40867	 154	584	56	 215.16	 3	0 	 86	100	 50	(0,2)
2026-05-21 02:08:31	 40902	 240	416	56	 252.07	 1	0 	 86	100	 50	(0,1)
2026-05-21 02:08:32	 40937	 118	304	28	 274.92	 -5	-10 	 86	100	 50	(0,1)
2026-05-21 02:08:33	 40973	 18	98	0	 169.45	 -12	-4 	 86	100	 50	(0,0)
2026-05-21 02:08:34	 41008	 -114	43	0	 76.29	 0	3 	 86	100	 50	(0,0)
2026-05-21 02:08:35	 41043	 -55	278	0	 88.59	 1	8 	 86	100	 50	(0,1)
2026-05-21 02:08:36	 41078	 -47	273	0	 102.66	 0	-1 	 86	100	 50	(0,1)
2026-05-21 02:08:37	 41113	 -167	417	0	 178.24	 -7	2 	 86	100	 50	(0,1)
2026-05-21 02:08:38	 41148	 -440	468	0	 130.78	 -8	3 	 86	100	 50	(-1,1)
2026-05-21 02:08:39	 41183	 -551	625	0	 55.20	 -1	1 	 86	100	 49	(-2,2)
2026-05-21 02:08:40	 41218	 -560	625	0	 53.44	 -1	-3 	 86	100	 48	(-2,2)
2026-05-21 02:08:41	 41253	 -558	491	0	 65.74	 0	-2 	 86	100	 48	(-2,1)
2026-05-21 02:08:42	 41295	 -557	486	0	 88.59	 0	1 	 86	100	 47	(-2,1)
2026-05-21 02:08:43	 41330	 -556	511	0	 88.59	 0	3 	 86	100	 46	(-2,2)
2026-05-21 02:08:44	 41365	 -483	874	0	 109.69	 -1	9 	 86	100	 46	(-1,3)
2026-05-21 02:08:45	 41400	 -490	1161	0	 27.07	 4	6 	 86	100	 46	(-1,4)
2026-05-21 02:08:46	 41435	 -245	1258	0	 2.46	 8	0 	 86	100	 46	(0,5)
2026-05-21 02:08:47	 41470	 12	1258	0	 0.70	 -1	-1 	 86	100	 50	(0,5)
2026-05-21 02:08:48	 41505	 -95	1295	0	 241.17	 0	0 	 86	100	 50	(0,5)
2026-05-21 02:08:49	 41540	 -291	1272	0	 200.74	 -15	-3 	 86	100	 50	(-1,5)
2026-05-21 02:08:50	 41575	 -560	1011	0	 244.69	 -1	-6 	 86	100	 50	(-2,4)
2026-05-21 02:08:51	 41610	 -604	820	0	 186.68	 -3	-3 	 86	100	 50	(-2,3)
2026-05-21 02:08:52	 41645	 -544	781	0	 204.26	 0	-1 	 86	100	 50	(-2,3)
2026-05-21 02:08:53	 41680	 -559	668	0	 286.88	 0	-4 	 86	100	 50	(-2,2)
2026-05-21 02:08:54	 41715	 -427	477	0	 346.64	 6	-5 	 86	100	 50	(-1,1)
2026-05-21 02:08:55	 41750	 -153	418	0	 325.55	 7	-3 	 86	100	 50	(0,1)
2026-05-21 02:08:56	 41785	 -57	352	0	 220.08	 -3	-1 	 86	100	 50	(0,1)
2026-05-21 02:08:57	 41820	 -92	236	0	 269.30	 1	-8 	 86	100	 50	(0,0)
2026-05-21 02:08:58	 41855	 -178	-3	0	 232.38	 -6	-6 	 86	100	 50	(0,0)
2026-05-21 02:08:59	 41890	 -304	8	0	 355.43	 0	0 	 86	100	 50	(-1,0)
2026-05-21 02:09:00	 41925	 108	85	0	 16.52	 15	3 	 86	100	 50	(0,0)
2026-05-21 02:09:01	 41960	 501	178	0	 0.70	 11	0 	 86	100	 50	(2,0)
2026-05-21 02:09:02	 41995	 910	216	0	 58.71	 7	4 	 86	100	 50	(3,0)
2026-05-21 02:09:03	 42030	 927	218	0	 181.76	 0	-3 	 86	100	 50	(3,0)
2026-05-21 02:09:04	 42065	 648	164	0	 185.27	 -14	1 	 86	100	 50	(2,0)
2026-05-21 02:09:05	 42100	 174	123	0	 102.66	 -9	5 	 86	100	 50	(0,0)
2026-05-21 02:09:06	 42135	 130	377	48	 67.50	 1	7 	 86	100	 50	(0,1)
2026-05-21 02:09:07	 42170	 313	548	56	 327.30	 5	0 	 86	100	 50	(1,2)
2026-05-21 02:09:08	 42205	 347	521	56	 7.73	 -3	-1 	 86	100	 50	(1,2)
2026-05-21 02:09:09	 42240	 469	524	56	 21.80	 4	0 	 86	100	 50	(1,2)
2026-05-21 02:09:10	 42275	 632	624	56	 30.59	 6	4 	 86	100	 50	(2,2)
2026-05-21 02:09:11	 42310	 795	676	56	 25.31	 5	2 	 86	100	 50	(3,2)
2026-05-21 02:09:12	 42345	 1015	775	56	 41.13	 2	0 	 86	100	 50	(4,3)
2026-05-21 02:09:13	 42380	 1070	798	56	 102.66	 0	0 	 86	100	 49	(4,3)
2026-05-21 02:09:15	 42449	 1040	877	56	 130.78	 -2	3 	 86	100	 50	(4,3)
2026-05-21 02:09:16	 42484	 1010	895	56	 180.00	 0	0 	 86	100	 49	(4,3)
2026-05-21 02:09:17	 42519	 1058	893	56	 174.73	 0	-1 	 82	 92	 48	(4,3)
2026-05-21 02:09:18	 42569	 1081	892	56	 192.30	 0	-1 	 76	 80	 47	(4,3)
2026-05-21 02:09:19	 42604	 1033	883	56	 185.27	 -1	-1 	 76	 80	 46	(4,3)
2026-05-21 02:09:20	 42639	 913	894	56	 188.79	 -5	0 	 76	 80	 50	(3,3)
2026-05-21 02:09:21	 42674	 863	894	56	 195.82	 -1	0 	 76	 80	 49	(3,3)
2026-05-21 02:09:22	 42709	 739	811	56	 178.24	 -7	-3 	 76	 80	 49	(2,3)
2026-05-21 02:09:23	 42744	 673	785	56	 190.55	 -1	-1 	 76	 80	 48	(2,3)
2026-05-21 02:09:25	 42797	 717	737	56	 118.48	 0	-2 	 76	 80	 47	(2,2)
2026-05-21 02:09:26	 42834	 715	757	56	 100.90	 -2	5 	 76	 80	 46	(2,3)
2026-05-21 02:09:27	 42869	 679	782	56	 37.62	 0	-2 	 76	100	 46	(2,3)
2026-05-21 02:09:28	 42904	 934	901	56	 311.48	 13	-2 	 76	100	 46	(3,3)
2026-05-21 02:09:29	 42939	 1103	791	56	 221.84	 0	1 	 76	100	 46	(4,3)
2026-05-21 02:09:30	 42974	 972	731	56	 202.50	 -8	-4 	 76	100	 46	(3,2)
2026-05-21 02:09:31	 43009	 707	625	56	 195.47	 -8	-3 	 76	100	 46	(2,2)
2026-05-21 02:09:32	 43044	 444	506	56	 204.26	 -8	-5 	 76	100	 46	(1,2)
2026-05-21 02:09:33	 43079	 237	480	56	 213.05	 -8	-3 	 76	100	 46	(0,1)
2026-05-21 02:09:34	 43114	 113	324	35	 272.81	 0	-5 	 76	100	 46	(0,1)
2026-05-21 02:09:35	 43149	 111	175	0	 244.69	 -1	-4 	 76	100	 46	(0,0)
2026-05-21 02:09:36	 43184	 -73	58	0	 155.04	 -8	0 	 76	100	 46	(0,0)
2026-05-21 02:09:37	 43219	 -161	193	0	 39.02	 3	4 	 76	100	 46	(0,0)
2026-05-21 02:09:38	 43254	 -28	303	0	 112.85	 0	0 	 76	100	 46	(0,1)
2026-05-21 02:09:39	 43289	 -112	342	0	 132.19	 -1	2 	 76	100	 50	(0,1)
2026-05-21 02:09:40	 43324	 -330	404	0	 156.80	 -15	0 	 76	100	 50	(-1,1)
2026-05-21 02:09:41	 43359	 -509	695	0	 98.79	 -1	8 	 76	100	 50	(-2,2)
2026-05-21 02:09:42	 43394	 -579	882	0	 216.56	 -3	-1 	 76	100	 50	(-2,3)
2026-05-21 02:09:43	 43429	 -593	848	0	 193.71	 -2	-1 	 76	100	 50	(-2,3)
2026-05-21 02:09:44	 43464	 -785	820	-44	 181.41	 -8	-1 	 76	100	 50	(-3,3)
2026-05-21 02:09:45	 43499	 -801	816	-104	 179.65	 0	-1 	 76	100	 49	(-3,3)
2026-05-21 02:09:46	 43534	 -786	812	-104	 158.55	 0	-1 	 72	 92	 48	(-3,3)
2026-05-21 02:09:47	 43594	 -917	832	-78	 186.68	 -5	1 	 72	 92	 48	(-3,3)
2026-05-21 02:09:48	 43629	 -1036	735	-104	 309.73	 -1	-4 	 72	 92	 48	(-4,2)
2026-05-21 02:09:49	 43664	 -1035	755	-104	 72.77	 2	4 	 72	 92	 48	(-4,3)
2026-05-21 02:09:50	 43699	 -1008	975	-104	 90.35	 1	7 	 72	 92	 48	(-4,3)
2026-05-21 02:09:51	 43734	 -1048	1234	-152	 176.48	 -2	0 	 72	 92	 48	(-4,4)
2026-05-21 02:09:52	 43769	 -1165	1210	-165	 180.00	 -7	-2 	 72	 92	 48	(-4,4)
2026-05-21 02:09:53	 43804	 -1396	1203	-176	 162.42	 -8	1 	 72	100	 48	(-5,4)
2026-05-21 02:09:54	 43839	 -1653	1156	-184	 238.01	 -6	-5 	 72	100	 48	(-6,4)
2026-05-21 02:09:55	 43874	 -1708	1162	-184	 271.41	 -1	0 	 72	100	 47	(-6,4)
2026-05-21 02:09:57	 43942	 -1714	1169	-184	 304.80	 -1	-1 	 70	 96	 45	(-6,4)
2026-05-21 02:10:00	 44016	 -1721	1168	-184	 355.78	 -1	-1 	 69	 94	 43	(-6,4)
2026-05-21 02:10:01	 44068	 -1639	1190	-184	 15.12	 0	0 	 69	 94	 42	(-6,4)
2026-05-21 02:10:02	 44118	 -1600	1193	-184	 357.54	 5	1 	 64	 84	 41	(-6,4)
2026-05-21 02:10:03	 44153	 -1484	1214	-184	 355.78	 0	0 	 58	 72	 44	(-5,4)
2026-05-21 02:10:04	 44188	 -1370	1200	-176	 348.75	 3	-1 	 58	 72	 48	(-5,4)
2026-05-21 02:10:05	 44223	 -1381	1214	-176	 45.00	 3	4 	 58	 72	 47	(-5,4)
2026-05-21 02:10:06	 44258	 -1247	1367	-176	 66.09	 3	6 	 58	 72	 50	(-4,5)
2026-05-21 02:10:07	 44293	 -1344	1436	-176	 303.05	 -6	3 	 58	 82	 50	(-5,5)
2026-05-21 02:10:12	 44461	 -1361	1306	-176	 264.38	 0	-8 	 57	 79	 47	(-5,5)
2026-05-21 02:10:13	 44496	 -1424	1192	-176	 188.79	 -7	-2 	 57	 79	 47	(-5,4)
2026-05-21 02:10:14	 44531	 -1647	1106	-184	 255.59	 -4	-6 	 57	 79	 47	(-6,4)
2026-05-21 02:10:15	 44566	 -1730	848	-184	 271.41	 -2	-9 	 54	 73	 47	(-6,3)
2026-05-21 02:10:16	 44601	 -1671	574	-184	 310.08	 4	-8 	 54	 73	 47	(-6,2)
2026-05-21 02:10:17	 44636	 -1632	489	-184	 338.20	 -6	2 	 54	 73	 46	(-6,1)
2026-05-21 02:10:18	 44671	 -1755	549	-184	 341.72	 -1	1 	 45	 55	 45	(-7,2)
2026-05-21 02:10:21	 44759	 -1755	549	-184	 334.69	 -1	0 	 41	 47	 43	(-7,2)
2026-05-21 02:10:22	 44794	 -1755	549	-184	 332.93	 -1	0 	 31	 25	 42	(-7,2)
